#if 0
//
// Generated by Microsoft (R) HLSL Shader Compiler 6.3.9600.16384
//
//
// Resource Bindings:
//
// Name                                 Type  Format         Dim Slot Elements
// ------------------------------ ---------- ------- ----------- ---- --------
// smp                               sampler      NA          NA    0        1
// tex                               texture  float4          2d    0        1
//
//
//
// Input signature:
//
// Name                 Index   Mask Register SysValue  Format   Used
// -------------------- ----- ------ -------- -------- ------- ------
// TEXCOORD                 0   xy          0     NONE   float   xy  
//
//
// Output signature:
//
// Name                 Index   Mask Register SysValue  Format   Used
// -------------------- ----- ------ -------- -------- ------- ------
// SV_Target                0   xyzw        0   TARGET   float   xyzw
//
ps_5_0
dcl_globalFlags refactoringAllowed | skipOptimization
dcl_sampler s0, mode_default
dcl_resource_texture2d (float,float,float,float) t0
dcl_input_ps linear v0.xy
dcl_output o0.xyzw
dcl_temps 2
//
// Initial variable locations:
//   v0.x <- uv.x; v0.y <- uv.y; 
//   o0.x <- <main return value>.x; o0.y <- <main return value>.y; o0.z <- <main return value>.z; o0.w <- <main return value>.w
//
#line 12 "C:\dev\pvt\raytracer\Win32Project1\Win32Project1\PixelShader.hlsl"
sample_indexable(texture2d)(float,float,float,float) r0.xyz, v0.xyxx, t0.xyzw, s0
mov r0.xyz, r0.xyzx  // r0.x <- col.x; r0.y <- col.y; r0.z <- col.z
nop 
mov r0.xyz, r0.xyzx

#line 3
itof r1.xyz, l(0, 0, 0, 0)
max r0.xyz, r0.xyzx, r1.xyzx
log r0.xyz, r0.xyzx
mul r0.xyz, r0.xyzx, l(0.416667, 0.416667, 0.416667, 0.000000)
exp r0.xyz, r0.xyzx
mul r0.xyz, r0.xyzx, l(1.055000, 1.055000, 1.055000, 0.000000)
mov r1.xyz, l(-0.055000,-0.055000,-0.055000,-0.000000)
add r0.xyz, r0.xyzx, r1.xyzx
max r0.xyz, r0.xyzx, l(0.000000, 0.000000, 0.000000, 0.000000)  // r0.x <- <LinearToSRGB return value>.x; r0.y <- <LinearToSRGB return value>.y; r0.z <- <LinearToSRGB return value>.z

#line 13
mov r0.xyz, r0.xyzx  // r0.x <- col.x; r0.y <- col.y; r0.z <- col.z
mov o0.xyz, r0.xyzx
mov o0.w, l(1.000000)
ret 
// Approximately 17 instruction slots used
#endif

const BYTE CompiledPixelShader.h[] =
{
     68,  88,  66,  67,  24, 219, 
    191, 178,  74,  23,  39, 151, 
    176, 189, 103,  90,  61, 124, 
      2, 142,   1,   0,   0,   0, 
      4,  58,   0,   0,   6,   0, 
      0,   0,  56,   0,   0,   0, 
    248,   0,   0,   0,  44,   1, 
      0,   0,  96,   1,   0,   0, 
     96,   3,   0,   0, 252,   3, 
      0,   0,  82,  68,  69,  70, 
    184,   0,   0,   0,   0,   0, 
      0,   0,   0,   0,   0,   0, 
      2,   0,   0,   0,  60,   0, 
      0,   0,   0,   5, 255, 255, 
      5,   1,   0,   0, 132,   0, 
      0,   0,  82,  68,  49,  49, 
     60,   0,   0,   0,  24,   0, 
      0,   0,  32,   0,   0,   0, 
     40,   0,   0,   0,  36,   0, 
      0,   0,  12,   0,   0,   0, 
      0,   0,   0,   0, 124,   0, 
      0,   0,   3,   0,   0,   0, 
      0,   0,   0,   0,   0,   0, 
      0,   0,   0,   0,   0,   0, 
      0,   0,   0,   0,   1,   0, 
      0,   0,   1,   0,   0,   0, 
    128,   0,   0,   0,   2,   0, 
      0,   0,   5,   0,   0,   0, 
      4,   0,   0,   0, 255, 255, 
    255, 255,   0,   0,   0,   0, 
      1,   0,   0,   0,  13,   0, 
      0,   0, 115, 109, 112,   0, 
    116, 101, 120,   0,  77, 105, 
     99, 114, 111, 115, 111, 102, 
    116,  32,  40,  82,  41,  32, 
     72,  76,  83,  76,  32,  83, 
    104,  97, 100, 101, 114,  32, 
     67, 111, 109, 112, 105, 108, 
    101, 114,  32,  54,  46,  51, 
     46,  57,  54,  48,  48,  46, 
     49,  54,  51,  56,  52,   0, 
    171, 171,  73,  83,  71,  78, 
     44,   0,   0,   0,   1,   0, 
      0,   0,   8,   0,   0,   0, 
     32,   0,   0,   0,   0,   0, 
      0,   0,   0,   0,   0,   0, 
      3,   0,   0,   0,   0,   0, 
      0,   0,   3,   3,   0,   0, 
     84,  69,  88,  67,  79,  79, 
     82,  68,   0, 171, 171, 171, 
     79,  83,  71,  78,  44,   0, 
      0,   0,   1,   0,   0,   0, 
      8,   0,   0,   0,  32,   0, 
      0,   0,   0,   0,   0,   0, 
      0,   0,   0,   0,   3,   0, 
      0,   0,   0,   0,   0,   0, 
     15,   0,   0,   0,  83,  86, 
     95,  84,  97, 114, 103, 101, 
    116,   0, 171, 171,  83,  72, 
     69,  88, 248,   1,   0,   0, 
     80,   0,   0,   0, 126,   0, 
      0,   0, 106, 136,   0,   1, 
     90,   0,   0,   3,   0,  96, 
     16,   0,   0,   0,   0,   0, 
     88,  24,   0,   4,   0, 112, 
     16,   0,   0,   0,   0,   0, 
     85,  85,   0,   0,  98,  16, 
      0,   3,  50,  16,  16,   0, 
      0,   0,   0,   0, 101,   0, 
      0,   3, 242,  32,  16,   0, 
      0,   0,   0,   0, 104,   0, 
      0,   2,   2,   0,   0,   0, 
     69,   0,   0, 139, 194,   0, 
      0, 128,  67,  85,  21,   0, 
    114,   0,  16,   0,   0,   0, 
      0,   0,  70,  16,  16,   0, 
      0,   0,   0,   0,  70, 126, 
     16,   0,   0,   0,   0,   0, 
      0,  96,  16,   0,   0,   0, 
      0,   0,  54,   0,   0,   5, 
    114,   0,  16,   0,   0,   0, 
      0,   0,  70,   2,  16,   0, 
      0,   0,   0,   0,  58,   0, 
      0,   1,  54,   0,   0,   5, 
    114,   0,  16,   0,   0,   0, 
      0,   0,  70,   2,  16,   0, 
      0,   0,   0,   0,  43,   0, 
      0,   8, 114,   0,  16,   0, 
      1,   0,   0,   0,   2,  64, 
      0,   0,   0,   0,   0,   0, 
      0,   0,   0,   0,   0,   0, 
      0,   0,   0,   0,   0,   0, 
     52,   0,   0,   7, 114,   0, 
     16,   0,   0,   0,   0,   0, 
     70,   2,  16,   0,   0,   0, 
      0,   0,  70,   2,  16,   0, 
      1,   0,   0,   0,  47,   0, 
      0,   5, 114,   0,  16,   0, 
      0,   0,   0,   0,  70,   2, 
     16,   0,   0,   0,   0,   0, 
     56,   0,   0,  10, 114,   0, 
     16,   0,   0,   0,   0,   0, 
     70,   2,  16,   0,   0,   0, 
      0,   0,   2,  64,   0,   0, 
     85,  85, 213,  62,  85,  85, 
    213,  62,  85,  85, 213,  62, 
      0,   0,   0,   0,  25,   0, 
      0,   5, 114,   0,  16,   0, 
      0,   0,   0,   0,  70,   2, 
     16,   0,   0,   0,   0,   0, 
     56,   0,   0,  10, 114,   0, 
     16,   0,   0,   0,   0,   0, 
     70,   2,  16,   0,   0,   0, 
      0,   0,   2,  64,   0,   0, 
     61,  10, 135,  63,  61,  10, 
    135,  63,  61,  10, 135,  63, 
      0,   0,   0,   0,  54,   0, 
      0,   8, 114,   0,  16,   0, 
      1,   0,   0,   0,   2,  64, 
      0,   0, 174,  71,  97, 189, 
    174,  71,  97, 189, 174,  71, 
     97, 189,   0,   0,   0, 128, 
      0,   0,   0,   7, 114,   0, 
     16,   0,   0,   0,   0,   0, 
     70,   2,  16,   0,   0,   0, 
      0,   0,  70,   2,  16,   0, 
      1,   0,   0,   0,  52,   0, 
      0,  10, 114,   0,  16,   0, 
      0,   0,   0,   0,  70,   2, 
     16,   0,   0,   0,   0,   0, 
      2,  64,   0,   0,   0,   0, 
      0,   0,   0,   0,   0,   0, 
      0,   0,   0,   0,   0,   0, 
      0,   0,  54,   0,   0,   5, 
    114,   0,  16,   0,   0,   0, 
      0,   0,  70,   2,  16,   0, 
      0,   0,   0,   0,  54,   0, 
      0,   5, 114,  32,  16,   0, 
      0,   0,   0,   0,  70,   2, 
     16,   0,   0,   0,   0,   0, 
     54,   0,   0,   5, 130,  32, 
     16,   0,   0,   0,   0,   0, 
      1,  64,   0,   0,   0,   0, 
    128,  63,  62,   0,   0,   1, 
     83,  84,  65,  84, 148,   0, 
      0,   0,  17,   0,   0,   0, 
      2,   0,   0,   0,   0,   0, 
      0,   0,   2,   0,   0,   0, 
      8,   0,   0,   0,   0,   0, 
      0,   0,   0,   0,   0,   0, 
      1,   0,   0,   0,   0,   0, 
      0,   0,   0,   0,   0,   0, 
      0,   0,   0,   0,   0,   0, 
      0,   0,   0,   0,   0,   0, 
      0,   0,   0,   0,   1,   0, 
      0,   0,   0,   0,   0,   0, 
      0,   0,   0,   0,   0,   0, 
      0,   0,   0,   0,   0,   0, 
      5,   0,   0,   0,   0,   0, 
      0,   0,   1,   0,   0,   0, 
      0,   0,   0,   0,   0,   0, 
      0,   0,   0,   0,   0,   0, 
      0,   0,   0,   0,   0,   0, 
      0,   0,   0,   0,   0,   0, 
      0,   0,   0,   0,   0,   0, 
      0,   0,   0,   0,   0,   0, 
      0,   0,   0,   0,   0,   0, 
      0,   0,   0,   0,   0,   0, 
      0,   0,   0,   0,   0,   0, 
      0,   0,   0,   0,   0,   0, 
     83,  80,  68,  66,   0,  54, 
      0,   0,  77, 105,  99, 114, 
    111, 115, 111, 102, 116,  32, 
     67,  47,  67,  43,  43,  32, 
     77,  83,  70,  32,  55,  46, 
     48,  48,  13,  10,  26,  68, 
     83,   0,   0,   0,   0,   2, 
      0,   0,   2,   0,   0,   0, 
     27,   0,   0,   0, 144,   0, 
      0,   0,   0,   0,   0,   0, 
     25,   0,   0,   0,   0,   0, 
      0,   0,   0,   0,   0,   0, 
      0,   0,   0,   0,   0,   0, 
      0,   0,   0,   0,   0,   0, 
      0,   0,   0,   0,   0,   0, 
      0,   0,   0,   0,   0,   0, 
      0,   0,   0,   0,   0,   0, 
      0,   0,   0,   0,   0,   0, 
      0,   0,   0,   0,   0,   0, 
      0,   0,   0,   0,   0,   0, 
      0,   0,   0,   0,   0,   0, 
      0,   0,   0,   0,   0,   0, 
      0,   0,   0,   0,   0,   0, 
      0,   0,   0,   0,   0,   0, 
      0,   0,   0,   0,   0,   0, 
      0,   0,   0,   0,   0,   0, 
      0,   0,   0,   0,   0,   0, 
      0,   0,   0,   0,   0,   0, 
      0,   0,   0,   0,   0,   0, 
      0,   0,   0,   0,   0,   0, 
      0,   0,   0,   0,   0,   0, 
      0,   0,   0,   0,   0,   0, 
      0,   0,   0,   0,   0,   0, 
      0,   0,   0,   0,   0,   0, 
      0,   0,   0,   0,   0,   0, 
      0,   0,   0,   0,   0,   0, 
      0,   0,   0,   0,   0,   0, 
      0,   0,   0,   0,   0,   0, 
      0,   0,   0,   0,   0,   0, 
      0,   0,   0,   0,   0,   0, 
      0,   0,   0,   0,   0,   0, 
      0,   0,   0,   0,   0,   0, 
      0,   0,   0,   0,   0,   0, 
      0,   0,   0,   0,   0,   0, 
      0,   0,   0,   0,   0,   0, 
      0,   0,   0,   0,   0,   0, 
      0,   0,   0,   0,   0,   0, 
      0,   0,   0,   0,   0,   0, 
      0,   0,   0,   0,   0,   0, 
      0,   0,   0,   0,   0,   0, 
      0,   0,   0,   0,   0,   0, 
      0,   0,   0,   0,   0,   0, 
      0,   0,   0,   0,   0,   0, 
      0,   0,   0,   0,   0,   0, 
      0,   0,   0,   0,   0,   0, 
      0,   0,   0,   0,   0,   0, 
      0,   0,   0,   0,   0,   0, 
      0,   0,   0,   0,   0,   0, 
      0,   0,   0,   0,   0,   0, 
      0,   0,   0,   0,   0,   0, 
      0,   0,   0,   0,   0,   0, 
      0,   0,   0,   0,   0,   0, 
      0,   0,   0,   0,   0,   0, 
      0,   0,   0,   0,   0,   0, 
      0,   0,   0,   0,   0,   0, 
      0,   0,   0,   0,   0,   0, 
      0,   0,   0,   0,   0,   0, 
      0,   0,   0,   0,   0,   0, 
      0,   0,   0,   0,   0,   0, 
      0,   0,   0,   0,   0,   0, 
      0,   0,   0,   0,   0,   0, 
      0,   0,   0,   0,   0,   0, 
      0,   0,   0,   0,   0,   0, 
      0,   0,   0,   0,   0,   0, 
      0,   0,   0,   0,   0,   0, 
      0,   0,   0,   0,   0,   0, 
      0,   0,   0,   0,   0,   0, 
      0,   0,   0,   0,   0,   0, 
      0,   0,   0,   0,   0,   0, 
      0,   0,   0,   0,   0,   0, 
      0,   0,   0,   0,   0,   0, 
      0,   0,   0,   0,   0,   0, 
      0,   0,   0,   0,   0,   0, 
      0,   0,   0,   0,   0,   0, 
      0,   0,   0,   0,   0,   0, 
      0,   0,   0,   0,   0,   0, 
      0,   0,   0,   0, 192, 255, 
    255, 255, 255, 255, 255, 255, 
    255, 255, 255, 255, 255, 255, 
    255, 255, 255, 255, 255, 255, 
    255, 255, 255, 255, 255, 255, 
    255, 255, 255, 255, 255, 255, 
    255, 255, 255, 255, 255, 255, 
    255, 255, 255, 255, 255, 255, 
    255, 255, 255, 255, 255, 255, 
    255, 255, 255, 255, 255, 255, 
    255, 255, 255, 255, 255, 255, 
    255, 255, 255, 255, 255, 255, 
    255, 255, 255, 255, 255, 255, 
    255, 255, 255, 255, 255, 255, 
    255, 255, 255, 255, 255, 255, 
    255, 255, 255, 255, 255, 255, 
    255, 255, 255, 255, 255, 255, 
    255, 255, 255, 255, 255, 255, 
    255, 255, 255, 255, 255, 255, 
    255, 255, 255, 255, 255, 255, 
    255, 255, 255, 255, 255, 255, 
    255, 255, 255, 255, 255, 255, 
    255, 255, 255, 255, 255, 255, 
    255, 255, 255, 255, 255, 255, 
    255, 255, 255, 255, 255, 255, 
    255, 255, 255, 255, 255, 255, 
    255, 255, 255, 255, 255, 255, 
    255, 255, 255, 255, 255, 255, 
    255, 255, 255, 255, 255, 255, 
    255, 255, 255, 255, 255, 255, 
    255, 255, 255, 255, 255, 255, 
    255, 255, 255, 255, 255, 255, 
    255, 255, 255, 255, 255, 255, 
    255, 255, 255, 255, 255, 255, 
    255, 255, 255, 255, 255, 255, 
    255, 255, 255, 255, 255, 255, 
    255, 255, 255, 255, 255, 255, 
    255, 255, 255, 255, 255, 255, 
    255, 255, 255, 255, 255, 255, 
    255, 255, 255, 255, 255, 255, 
    255, 255, 255, 255, 255, 255, 
    255, 255, 255, 255, 255, 255, 
    255, 255, 255, 255, 255, 255, 
    255, 255, 255, 255, 255, 255, 
    255, 255, 255, 255, 255, 255, 
    255, 255, 255, 255, 255, 255, 
    255, 255, 255, 255, 255, 255, 
    255, 255, 255, 255, 255, 255, 
    255, 255, 255, 255, 255, 255, 
    255, 255, 255, 255, 255, 255, 
    255, 255, 255, 255, 255, 255, 
    255, 255, 255, 255, 255, 255, 
    255, 255, 255, 255, 255, 255, 
    255, 255, 255, 255, 255, 255, 
    255, 255, 255, 255, 255, 255, 
    255, 255, 255, 255, 255, 255, 
    255, 255, 255, 255, 255, 255, 
    255, 255, 255, 255, 255, 255, 
    255, 255, 255, 255, 255, 255, 
    255, 255, 255, 255, 255, 255, 
    255, 255, 255, 255, 255, 255, 
    255, 255, 255, 255, 255, 255, 
    255, 255, 255, 255, 255, 255, 
    255, 255, 255, 255, 255, 255, 
    255, 255, 255, 255, 255, 255, 
    255, 255, 255, 255, 255, 255, 
    255, 255, 255, 255, 255, 255, 
    255, 255, 255, 255, 255, 255, 
    255, 255, 255, 255, 255, 255, 
    255, 255, 255, 255, 255, 255, 
    255, 255, 255, 255, 255, 255, 
    255, 255, 255, 255, 255, 255, 
    255, 255, 255, 255, 255, 255, 
    255, 255, 255, 255, 255, 255, 
    255, 255, 255, 255, 255, 255, 
    255, 255, 255, 255, 255, 255, 
    255, 255, 255, 255, 255, 255, 
    255, 255, 255, 255, 255, 255, 
    255, 255, 255, 255, 255, 255, 
    255, 255, 255, 255, 255, 255, 
    255, 255, 255, 255, 255, 255, 
    255, 255, 255, 255, 255, 255, 
    255, 255, 255, 255, 255, 255, 
    255, 255, 255, 255, 255, 255, 
    255, 255, 255, 255, 255, 255, 
    255, 255, 255, 255, 255, 255, 
     56,   0,   0, 252, 255, 255, 
    255, 255, 255, 255, 255, 255, 
    255, 255, 255, 255, 255, 255, 
    255, 255, 255, 255, 255, 255, 
    255, 255, 255, 255, 255, 255, 
    255, 255, 255, 255, 255, 255, 
    255, 255, 255, 255, 255, 255, 
    255, 255, 255, 255, 255, 255, 
    255, 255, 255, 255, 255, 255, 
    255, 255, 255, 255, 255, 255, 
    255, 255, 255, 255, 255, 255, 
    255, 255, 255, 255, 255, 255, 
    255, 255, 255, 255, 255, 255, 
    255, 255, 255, 255, 255, 255, 
    255, 255, 255, 255, 255, 255, 
    255, 255, 255, 255, 255, 255, 
    255, 255, 255, 255, 255, 255, 
    255, 255, 255, 255, 255, 255, 
    255, 255, 255, 255, 255, 255, 
    255, 255, 255, 255, 255, 255, 
    255, 255, 255, 255, 255, 255, 
    255, 255, 255, 255, 255, 255, 
    255, 255, 255, 255, 255, 255, 
    255, 255, 255, 255, 255, 255, 
    255, 255, 255, 255, 255, 255, 
    255, 255, 255, 255, 255, 255, 
    255, 255, 255, 255, 255, 255, 
    255, 255, 255, 255, 255, 255, 
    255, 255, 255, 255, 255, 255, 
    255, 255, 255, 255, 255, 255, 
    255, 255, 255, 255, 255, 255, 
    255, 255, 255, 255, 255, 255, 
    255, 255, 255, 255, 255, 255, 
    255, 255, 255, 255, 255, 255, 
    255, 255, 255, 255, 255, 255, 
    255, 255, 255, 255, 255, 255, 
    255, 255, 255, 255, 255, 255, 
    255, 255, 255, 255, 255, 255, 
    255, 255, 255, 255, 255, 255, 
    255, 255, 255, 255, 255, 255, 
    255, 255, 255, 255, 255, 255, 
    255, 255, 255, 255, 255, 255, 
    255, 255, 255, 255, 255, 255, 
    255, 255, 255, 255, 255, 255, 
    255, 255, 255, 255, 255, 255, 
    255, 255, 255, 255, 255, 255, 
    255, 255, 255, 255, 255, 255, 
    255, 255, 255, 255, 255, 255, 
    255, 255, 255, 255, 255, 255, 
    255, 255, 255, 255, 255, 255, 
    255, 255, 255, 255, 255, 255, 
    255, 255, 255, 255, 255, 255, 
    255, 255, 255, 255, 255, 255, 
    255, 255, 255, 255, 255, 255, 
    255, 255, 255, 255, 255, 255, 
    255, 255, 255, 255, 255, 255, 
    255, 255, 255, 255, 255, 255, 
    255, 255, 255, 255, 255, 255, 
    255, 255, 255, 255, 255, 255, 
    255, 255, 255, 255, 255, 255, 
    255, 255, 255, 255, 255, 255, 
    255, 255, 255, 255, 255, 255, 
    255, 255, 255, 255, 255, 255, 
    255, 255, 255, 255, 255, 255, 
    255, 255, 255, 255, 255, 255, 
    255, 255, 255, 255, 255, 255, 
    255, 255, 255, 255, 255, 255, 
    255, 255, 255, 255, 255, 255, 
    255, 255, 255, 255, 255, 255, 
    255, 255, 255, 255, 255, 255, 
    255, 255, 255, 255, 255, 255, 
    255, 255, 255, 255, 255, 255, 
    255, 255, 255, 255, 255, 255, 
    255, 255, 255, 255, 255, 255, 
    255, 255, 255, 255, 255, 255, 
    255, 255, 255, 255, 255, 255, 
    255, 255, 255, 255, 255, 255, 
    255, 255, 255, 255, 255, 255, 
    255, 255, 255, 255, 255, 255, 
    255, 255, 255, 255, 255, 255, 
    255, 255, 255, 255, 255, 255, 
    255, 255, 255, 255, 255, 255, 
    255, 255, 255, 255, 255, 255, 
    255, 255, 255, 255, 255, 255, 
    255, 255, 255, 255, 255, 255, 
    255, 255,   5,   0,   0,   0, 
     32,   0,   0,   0,  60,   0, 
      0,   0,   0,   0,   0,   0, 
    255, 255, 255, 255,   0,   0, 
      0,   0,   6,   0,   0,   0, 
      5,   0,   0,   0,   0,   0, 
      0,   0,   0,   0,   0,   0, 
      0,   0,   0,   0,   0,   0, 
      0,   0,   0,   0,   0,   0, 
      0,   0,   0,   0,   0,   0, 
      0,   0,   0,   0,   0,   0, 
      0,   0,   0,   0,   0,   0, 
      0,   0,   0,   0,   0,   0, 
      0,   0,   0,   0,   0,   0, 
      0,   0,   0,   0,   0,   0, 
      0,   0,   0,   0,   0,   0, 
      0,   0,   0,   0,   0,   0, 
      0,   0,   0,   0,   0,   0, 
      0,   0,   0,   0,   0,   0, 
      0,   0,   0,   0,   0,   0, 
      0,   0,   0,   0,   0,   0, 
      0,   0,   0,   0,   0,   0, 
      0,   0,   0,   0,   0,   0, 
      0,   0,   0,   0,   0,   0, 
      0,   0,   0,   0,   0,   0, 
      0,   0,   0,   0,   0,   0, 
      0,   0,   0,   0,   0,   0, 
      0,   0,   0,   0,   0,   0, 
      0,   0,   0,   0,   0,   0, 
      0,   0,   0,   0,   0,   0, 
      0,   0,   0,   0,   0,   0, 
      0,   0,   0,   0,   0,   0, 
      0,   0,   0,   0,   0,   0, 
      0,   0,   0,   0,   0,   0, 
      0,   0,   0,   0,   0,   0, 
      0,   0,   0,   0,   0,   0, 
      0,   0,   0,   0,   0,   0, 
      0,   0,   0,   0,   0,   0, 
      0,   0,   0,   0,   0,   0, 
      0,   0,   0,   0,   0,   0, 
      0,   0,   0,   0,   0,   0, 
      0,   0,   0,   0,   0,   0, 
      0,   0,   0,   0,   0,   0, 
      0,   0,   0,   0,   0,   0, 
      0,   0,   0,   0,   0,   0, 
      0,   0,   0,   0,   0,   0, 
      0,   0,   0,   0,   0,   0, 
      0,   0,   0,   0,   0,   0, 
      0,   0,   0,   0,   0,   0, 
      0,   0,   0,   0,   0,   0, 
      0,   0,   0,   0,   0,   0, 
      0,   0,   0,   0,   0,   0, 
      0,   0,   0,   0,   0,   0, 
      0,   0,   0,   0,   0,   0, 
      0,   0,   0,   0,   0,   0, 
      0,   0,   0,   0,   0,   0, 
      0,   0,   0,   0,   0,   0, 
      0,   0,   0,   0,   0,   0, 
      0,   0,   0,   0,   0,   0, 
      0,   0,   0,   0,   0,   0, 
      0,   0,   0,   0,   0,   0, 
      0,   0,   0,   0,   0,   0, 
      0,   0,   0,   0,   0,   0, 
      0,   0,   0,   0,   0,   0, 
      0,   0,   0,   0,   0,   0, 
      0,   0,   0,   0,   0,   0, 
      0,   0,   0,   0,   0,   0, 
      0,   0,   0,   0,   0,   0, 
      0,   0,   0,   0,   0,   0, 
      0,   0,   0,   0,   0,   0, 
      0,   0,   0,   0,   0,   0, 
      0,   0,   0,   0,   0,   0, 
      0,   0,   0,   0,   0,   0, 
      0,   0,   0,   0,   0,   0, 
      0,   0,   0,   0,   0,   0, 
      0,   0,   0,   0,   0,   0, 
      0,   0,   0,   0,   0,   0, 
      0,   0,   0,   0,   0,   0, 
      0,   0,   0,   0,   0,   0, 
      0,   0,   0,   0,   0,   0, 
      0,   0,   0,   0,   0,   0, 
      0,   0,   0,   0,   0,   0, 
      0,   0,   0,   0,   0,   0, 
      0,   0,   0,   0,   0,   0, 
      0,   0,   0,   0,   0,   0, 
      0,   0,   0,   0,   3,   0, 
      0,   0,   0,   0,   0,   0, 
      0,   0,   0,   0,   0,   0, 
      0,   0,   0,   0,   0,   0, 
      0,   0,   0,   0,   0,   0, 
      0,   0,   0,   0,   0,   0, 
      0,   0,   0,   0,   0,   0, 
      0,   0,   0,   0,   0,   0, 
      0,   0,   0,   0,   0,   0, 
      0,   0,   0,   0,   0,   0, 
      0,   0,   0,   0,   0,   0, 
      0,   0,   0,   0,   0,   0, 
      0,   0,   0,   0,   0,   0, 
      0,   0,   0,   0,   0,   0, 
      0,   0,   0,   0,   0,   0, 
      0,   0,   0,   0,   0,   0, 
      0,   0,   0,   0,   0,   0, 
      0,   0,   0,   0,   0,   0, 
      0,   0,   0,   0,   0,   0, 
      0,   0,   0,   0,   0,   0, 
      0,   0,   0,   0,   0,   0, 
      0,   0,   0,   0,   0,   0, 
      0,   0,   0,   0,   0,   0, 
      0,   0,   0,   0,   0,   0, 
      0,   0,   0,   0,   0,   0, 
      0,   0,   0,   0,   0,   0, 
      0,   0,   0,   0,   0,   0, 
      0,   0,   0,   0,   0,   0, 
      0,   0,   0,   0,   0,   0, 
      0,   0,   0,   0,   0,   0, 
      0,   0,   0,   0,   0,   0, 
      0,   0,   0,   0,   0,   0, 
      0,   0,   0,   0,   0,   0, 
      0,   0,   0,   0,   0,   0, 
      0,   0,   0,   0,   0,   0, 
      0,   0,   0,   0,   0,   0, 
      0,   0,   0,   0,   0,   0, 
      0,   0,   0,   0,   0,   0, 
      0,   0,   0,   0,   0,   0, 
      0,   0,   0,   0,   0,   0, 
      0,   0,   0,   0,   0,   0, 
      0,   0,   0,   0,   0,   0, 
      0,   0,   0,   0,   0,   0, 
      0,   0,   0,   0,   0,   0, 
      0,   0,   0,   0,   0,   0, 
      0,   0,   0,   0,   0,   0, 
      0,   0,   0,   0,   0,   0, 
      0,   0,   0,   0,   0,   0, 
      0,   0,   0,   0,   0,   0, 
      0,   0,   0,   0,   0,   0, 
      0,   0,   0,   0,   0,   0, 
      0,   0,   0,   0,   0,   0, 
      0,   0,   0,   0,   0,   0, 
      0,   0,   0,   0,   0,   0, 
      0,   0,   0,   0,   0,   0, 
      0,   0,   0,   0,   0,   0, 
      0,   0,   0,   0,   0,   0, 
      0,   0,   0,   0,   0,   0, 
      0,   0,   0,   0,   0,   0, 
      0,   0,   0,   0,   0,   0, 
      0,   0,   0,   0,   0,   0, 
      0,   0,   0,   0,   0,   0, 
      0,   0,   0,   0,   0,   0, 
      0,   0,   0,   0,   0,   0, 
      0,   0,   0,   0,   0,   0, 
      0,   0,   0,   0,   0,   0, 
      0,   0,   0,   0,   0,   0, 
      0,   0,   0,   0,   0,   0, 
      0,   0,   0,   0,   0,   0, 
      0,   0,   0,   0,   0,   0, 
      0,   0,   0,   0,   0,   0, 
      0,   0,   0,   0,   0,   0, 
      0,   0,   0,   0,   0,   0, 
      0,   0,   0,   0,   0,   0, 
      0,   0,   0,   0,   0,   0, 
      0,   0,   0,   0,   0,   0, 
      0,   0,   0,   0,   0,   0, 
      0,   0,   0,   0,   0,   0, 
      0,   0,   0,   0,   0,   0, 
      0,   0,   0,   0,   0,   0, 
      0,   0,   0,   0,   0,   0, 
      0,   0,   0,   0,   0,   0, 
      0,   0,   0,   0,   0,   0, 
      0,   0,   0,   0,   0,   0, 
      0,   0,   0,   0,   0,   0, 
      0,   0,   0,   0,   0,   0, 
    148,  46,  49,   1, 173, 254, 
    195,  90,   1,   0,   0,   0, 
     24, 221, 167, 199,  18,  52, 
    185,  67, 171,  45,   9, 125, 
     43,   5, 141, 121,   0,   0, 
      0,   0,   0,   0,   0,   0, 
      1,   0,   0,   0,   1,   0, 
      0,   0,   0,   0,   0,   0, 
      0,   0,   0,   0,   0,   0, 
      0,   0,  65, 145,  50,   1, 
      0,   0,   0,   0,   0,   0, 
      0,   0,   0,   0,   0,   0, 
      0,   0,   0,   0,   0,   0, 
      0,   0,   0,   0,   0,   0, 
      0,   0,   0,   0,   0,   0, 
      0,   0,   0,   0,   0,   0, 
      0,   0,   0,   0,   0,   0, 
      0,   0,   0,   0,   0,   0, 
      0,   0,   0,   0,   0,   0, 
      0,   0,   0,   0,   0,   0, 
      0,   0,   0,   0,   0,   0, 
      0,   0,   0,   0,   0,   0, 
      0,   0,   0,   0,   0,   0, 
      0,   0,   0,   0,   0,   0, 
      0,   0,   0,   0,   0,   0, 
      0,   0,   0,   0,   0,   0, 
      0,   0,   0,   0,   0,   0, 
      0,   0,   0,   0,   0,   0, 
      0,   0,   0,   0,   0,   0, 
      0,   0,   0,   0,   0,   0, 
      0,   0,   0,   0,   0,   0, 
      0,   0,   0,   0,   0,   0, 
      0,   0,   0,   0,   0,   0, 
      0,   0,   0,   0,   0,   0, 
      0,   0,   0,   0,   0,   0, 
      0,   0,   0,   0,   0,   0, 
      0,   0,   0,   0,   0,   0, 
      0,   0,   0,   0,   0,   0, 
      0,   0,   0,   0,   0,   0, 
      0,   0,   0,   0,   0,   0, 
      0,   0,   0,   0,   0,   0, 
      0,   0,   0,   0,   0,   0, 
      0,   0,   0,   0,   0,   0, 
      0,   0,   0,   0,   0,   0, 
      0,   0,   0,   0,   0,   0, 
      0,   0,   0,   0,   0,   0, 
      0,   0,   0,   0,   0,   0, 
      0,   0,   0,   0,   0,   0, 
      0,   0,   0,   0,   0,   0, 
      0,   0,   0,   0,   0,   0, 
      0,   0,   0,   0,   0,   0, 
      0,   0,   0,   0,   0,   0, 
      0,   0,   0,   0,   0,   0, 
      0,   0,   0,   0,   0,   0, 
      0,   0,   0,   0,   0,   0, 
      0,   0,   0,   0,   0,   0, 
      0,   0,   0,   0,   0,   0, 
      0,   0,   0,   0,   0,   0, 
      0,   0,   0,   0,   0,   0, 
      0,   0,   0,   0,   0,   0, 
      0,   0,   0,   0,   0,   0, 
      0,   0,   0,   0,   0,   0, 
      0,   0,   0,   0,   0,   0, 
      0,   0,   0,   0,   0,   0, 
      0,   0,   0,   0,   0,   0, 
      0,   0,   0,   0,   0,   0, 
      0,   0,   0,   0,   0,   0, 
      0,   0,   0,   0,   0,   0, 
      0,   0,   0,   0,   0,   0, 
      0,   0,   0,   0,   0,   0, 
      0,   0,   0,   0,   0,   0, 
      0,   0,   0,   0,   0,   0, 
      0,   0,   0,   0,   0,   0, 
      0,   0,   0,   0,   0,   0, 
      0,   0,   0,   0,   0,   0, 
      0,   0,   0,   0,   0,   0, 
      0,   0,   0,   0,   0,   0, 
      0,   0,   0,   0,   0,   0, 
      0,   0,   0,   0,   0,   0, 
      0,   0,   0,   0,   0,   0, 
      0,   0,   0,   0,   0,   0, 
      0,   0,   0,   0,   0,   0, 
      0,   0,   0,   0,   0,   0, 
      0,   0,   0,   0,   0,   0, 
      0,   0,   0,   0,   0,   0, 
      0,   0,  11, 202,  49,   1, 
     56,   0,   0,   0,   0,  16, 
      0,   0,   1,  16,   0,   0, 
     28,   0,   0,   0,  11,   0, 
    255, 255,   4,   0,   0,   0, 
      3, 128,   0,   0,   0,   0, 
      0,   0,   4,   0,   0,   0, 
      4,   0,   0,   0,   8,   0, 
      0,   0,  12,   0,   0,   0, 
      0,   0,   0,   0,  26,   0, 
      1,  22,   0,   0,   0,   0, 
      8,  16,   0,   0,  76, 105, 
    110, 101,  97, 114,  84, 111, 
     83,  82,  71,  66,   0, 243, 
    242, 241,   0,   0,   0,   0, 
      0,   0,   0,   0,   0,   0, 
      0,   0,   0,   0,   0,   0, 
      0,   0,   0,   0,   0,   0, 
      0,   0,   0,   0,   0,   0, 
      0,   0,   0,   0,   0,   0, 
      0,   0,   0,   0,   0,   0, 
      0,   0,   0,   0,   0,   0, 
      0,   0,   0,   0,   0,   0, 
      0,   0,   0,   0,   0,   0, 
      0,   0,   0,   0,   0,   0, 
      0,   0,   0,   0,   0,   0, 
      0,   0,   0,   0,   0,   0, 
      0,   0,   0,   0,   0,   0, 
      0,   0,   0,   0,   0,   0, 
      0,   0,   0,   0,   0,   0, 
      0,   0,   0,   0,   0,   0, 
      0,   0,   0,   0,   0,   0, 
      0,   0,   0,   0,   0,   0, 
      0,   0,   0,   0,   0,   0, 
      0,   0,   0,   0,   0,   0, 
      0,   0,   0,   0,   0,   0, 
      0,   0,   0,   0,   0,   0, 
      0,   0,   0,   0,   0,   0, 
      0,   0,   0,   0,   0,   0, 
      0,   0,   0,   0,   0,   0, 
      0,   0,   0,   0,   0,   0, 
      0,   0,   0,   0,   0,   0, 
      0,   0,   0,   0,   0,   0, 
      0,   0,   0,   0,   0,   0, 
      0,   0,   0,   0,   0,   0, 
      0,   0,   0,   0,   0,   0, 
      0,   0,   0,   0,   0,   0, 
      0,   0,   0,   0,   0,   0, 
      0,   0,   0,   0,   0,   0, 
      0,   0,   0,   0,   0,   0, 
      0,   0,   0,   0,   0,   0, 
      0,   0,   0,   0,   0,   0, 
      0,   0,   0,   0,   0,   0, 
      0,   0,   0,   0,   0,   0, 
      0,   0,   0,   0,   0,   0, 
      0,   0,   0,   0,   0,   0, 
      0,   0,   0,   0,   0,   0, 
      0,   0,   0,   0,   0,   0, 
      0,   0,   0,   0,   0,   0, 
      0,   0,   0,   0,   0,   0, 
      0,   0,   0,   0,   0,   0, 
      0,   0,   0,   0,   0,   0, 
      0,   0,   0,   0,   0,   0, 
      0,   0,   0,   0,   0,   0, 
      0,   0,   0,   0,   0,   0, 
      0,   0,   0,   0,   0,   0, 
      0,   0,   0,   0,   0,   0, 
      0,   0,   0,   0,   0,   0, 
      0,   0,   0,   0,   0,   0, 
      0,   0,   0,   0,   0,   0, 
      0,   0,   0,   0,   0,   0, 
      0,   0,   0,   0,   0,   0, 
      0,   0,   0,   0,   0,   0, 
      0,   0,   0,   0,   0,   0, 
      0,   0,   0,   0,   0,   0, 
      0,   0,   0,   0,   0,   0, 
      0,   0,   0,   0,   0,   0, 
      0,   0,   0,   0,   0,   0, 
      0,   0,   0,   0,   0,   0, 
      0,   0,   0,   0,   0,   0, 
      0,   0,   0,   0,   0,   0, 
      0,   0,   0,   0,   0,   0, 
      0,   0,   0,   0,   0,   0, 
      0,   0,   0,   0,   0,   0, 
      0,   0,   0,   0,   0,   0, 
      0,   0,   0,   0,  47,  44, 
      0,   0, 120,  62,   0,   0, 
    119, 115,   0,   0,  78, 122, 
      0,   0, 194,  13,   0,   0, 
     51,  77,   0,   0,  26, 119, 
      0,   0, 226,  35,   0,   0, 
     43,  25,   0,   0, 158,  12, 
      0,   0, 131,  56,   0,   0, 
    224,  19,   0,   0,  77, 117, 
      0,   0,  33, 119,   0,   0, 
    135,  50,   0,   0,   0,  16, 
      0,   0,   0,   0,   0,   0, 
      0,   0,   0,   0,   0,   0, 
      0,   0,   0,   0,   0,   0, 
      0,   0,   0,   0,   0,   0, 
      0,   0,   0,   0,   0,   0, 
      0,   0,   0,   0,   0,   0, 
      0,   0,   0,   0,   0,   0, 
      0,   0,   0,   0,   0,   0, 
      0,   0,   0,   0,   0,   0, 
      0,   0,   0,   0,   0,   0, 
      0,   0,   0,   0,   0,   0, 
      0,   0,   0,   0,   0,   0, 
      0,   0,   0,   0,   0,   0, 
      0,   0,   0,   0,   0,   0, 
      0,   0,   0,   0,   0,   0, 
      0,   0,   0,   0,   0,   0, 
      0,   0,   0,   0,   0,   0, 
      0,   0,   0,   0,   0,   0, 
      0,   0,   0,   0,   0,   0, 
      0,   0,   0,   0,   0,   0, 
      0,   0,   0,   0,   0,   0, 
      0,   0,   0,   0,   0,   0, 
      0,   0,   0,   0,   0,   0, 
      0,   0,   0,   0,   0,   0, 
      0,   0,   0,   0,   0,   0, 
      0,   0,   0,   0,   0,   0, 
      0,   0,   0,   0,   0,   0, 
      0,   0,   0,   0,   0,   0, 
      0,   0,   0,   0,   0,   0, 
      0,   0,   0,   0,   0,   0, 
      0,   0,   0,   0,   0,   0, 
      0,   0,   0,   0,   0,   0, 
      0,   0,   0,   0,   0,   0, 
      0,   0,   0,   0,   0,   0, 
      0,   0,   0,   0,   0,   0, 
      0,   0,   0,   0,   0,   0, 
      0,   0,   0,   0,   0,   0, 
      0,   0,   0,   0,   0,   0, 
      0,   0,   0,   0,   0,   0, 
      0,   0,   0,   0,   0,   0, 
      0,   0,   0,   0,   0,   0, 
      0,   0,   0,   0,   0,   0, 
      0,   0,   0,   0,   0,   0, 
      0,   0,   0,   0,   0,   0, 
      0,   0,   0,   0,   0,   0, 
      0,   0,   0,   0,   0,   0, 
      0,   0,   0,   0,   0,   0, 
      0,   0,   0,   0,   0,   0, 
      0,   0,   0,   0,   0,   0, 
      0,   0,   0,   0,   0,   0, 
      0,   0,   0,   0,   0,   0, 
      0,   0,   0,   0,   0,   0, 
      0,   0,   0,   0,   0,   0, 
      0,   0,   0,   0,   0,   0, 
      0,   0,   0,   0,   0,   0, 
      0,   0,   0,   0,   0,   0, 
      0,   0,   0,   0,   0,   0, 
      0,   0,   0,   0,   0,   0, 
      0,   0,   0,   0,   0,   0, 
      0,   0,   0,   0,   0,   0, 
      0,   0,   0,   0,   0,   0, 
      0,   0,   0,   0,   0,   0, 
      0,   0,   0,   0,   0,   0, 
      0,   0,   0,   0,   0,   0, 
      0,   0,   0,   0,   0,   0, 
      0,   0,   0,   0,   0,   0, 
      0,   0,   0,   0,   0,   0, 
      0,   0,   0,   0,   0,   0, 
      0,   0,   0,   0,   0,   0, 
      0,   0,   0,   0,   0,   0, 
      0,   0,   0,   0,   0,   0, 
      0,   0,   0,   0,   0,   0, 
      0,   0,   0,   0,   0,   0, 
      0,   0,   0,   0,   0,   0, 
      0,   0,   0,   0,   0,   0, 
    102, 108, 111,  97, 116,  51, 
     32,  76, 105, 110, 101,  97, 
    114,  84, 111,  83,  82,  71, 
     66,  40, 102, 108, 111,  97, 
    116,  51,  32, 114, 103,  98, 
     41,  10, 123,  10,  32,  32, 
     32,  32, 114, 103,  98,  32, 
     61,  32, 109,  97, 120,  40, 
    114, 103,  98,  44,  32, 102, 
    108, 111,  97, 116,  51,  40, 
     48,  44,  32,  48,  44,  32, 
     48,  41,  41,  59,  10,  32, 
     32,  32,  32, 114, 101, 116, 
    117, 114, 110,  32, 109,  97, 
    120,  40,  49,  46,  48,  53, 
     53,  32,  42,  32, 112, 111, 
    119,  40, 114, 103,  98,  44, 
     32,  48,  46,  52,  49,  54, 
     54,  54,  54,  54,  54,  55, 
     41,  32,  45,  32,  48,  46, 
     48,  53,  53,  44,  32,  48, 
     46,  48,  41,  59,  10, 125, 
     10,  10,  84, 101, 120, 116, 
    117, 114, 101,  50,  68,  32, 
    116, 101, 120,  32,  58,  32, 
    114, 101, 103, 105, 115, 116, 
    101, 114,  40, 116,  48,  41, 
     59,  10,  83,  97, 109, 112, 
    108, 101, 114,  83, 116,  97, 
    116, 101,  32, 115, 109, 112, 
     32,  58,  32, 114, 101, 103, 
    105, 115, 116, 101, 114,  40, 
    115,  48,  41,  59,  10,  10, 
    102, 108, 111,  97, 116,  52, 
     32, 109,  97, 105, 110,  40, 
    102, 108, 111,  97, 116,  50, 
     32, 117, 118,  32,  58,  32, 
     84,  69,  88,  67,  79,  79, 
     82,  68,  48,  41,  32,  58, 
     32,  83,  86,  95,  84,  97, 
    114, 103, 101, 116,  10, 123, 
     10,  32,  32,  32,  32, 102, 
    108, 111,  97, 116,  51,  32, 
     99, 111, 108,  32,  61,  32, 
    116, 101, 120,  46,  83,  97, 
    109, 112, 108, 101,  40, 115, 
    109, 112,  44,  32, 117, 118, 
     41,  46, 114, 103,  98,  59, 
     10,  32,  32,  32,  32,  99, 
    111, 108,  32,  61,  32,  76, 
    105, 110, 101,  97, 114,  84, 
    111,  83,  82,  71,  66,  40, 
     99, 111, 108,  41,  59,  10, 
     32,  32,  32,  32, 114, 101, 
    116, 117, 114, 110,  32, 102, 
    108, 111,  97, 116,  52,  40, 
     99, 111, 108,  44,  32,  49, 
     46,  48, 102,  41,  59,  10, 
    125,  10,   0,   0,   0,   0, 
      0,   0,   0,   0,   0,   0, 
      0,   0,   0,   0,   0,   0, 
      0,   0,   0,   0,   0,   0, 
      0,   0,   0,   0,   0,   0, 
      0,   0,   0,   0,   0,   0, 
      0,   0,   0,   0,   0,   0, 
      0,   0,   0,   0,   0,   0, 
      0,   0,   0,   0,   0,   0, 
      0,   0,   0,   0,   0,   0, 
      0,   0,   0,   0,   0,   0, 
      0,   0,   0,   0,   0,   0, 
      0,   0,   0,   0,   0,   0, 
      0,   0,   0,   0,   0,   0, 
      0,   0,   0,   0,   0,   0, 
      0,   0,   0,   0,   0,   0, 
      0,   0,   0,   0,   0,   0, 
      0,   0,   0,   0,   0,   0, 
      0,   0,   0,   0,   0,   0, 
      0,   0,   0,   0,   0,   0, 
      0,   0,   0,   0,   0,   0, 
      0,   0,   0,   0,   0,   0, 
      0,   0,   0,   0,   0,   0, 
      0,   0,   0,   0,   0,   0, 
      0,   0,   0,   0,   0,   0, 
      0,   0,   0,   0,   0,   0, 
      0,   0,   0,   0,   0,   0, 
      0,   0, 254, 239, 254, 239, 
      1,   0,   0,   0, 229,   1, 
      0,   0,   0,  67,  58,  92, 
    100, 101, 118,  92, 112, 118, 
    116,  92, 114,  97, 121, 116, 
    114,  97,  99, 101, 114,  92, 
     87, 105, 110,  51,  50,  80, 
    114, 111, 106, 101,  99, 116, 
     49,  92,  87, 105, 110,  51, 
     50,  80, 114, 111, 106, 101, 
     99, 116,  49,  92,  80, 105, 
    120, 101, 108,  83, 104,  97, 
    100, 101, 114,  46, 104, 108, 
    115, 108,   0,   0,  99,  58, 
     92, 100, 101, 118,  92, 112, 
    118, 116,  92, 114,  97, 121, 
    116, 114,  97,  99, 101, 114, 
     92, 119, 105, 110,  51,  50, 
    112, 114, 111, 106, 101,  99, 
    116,  49,  92, 119, 105, 110, 
     51,  50, 112, 114, 111, 106, 
    101,  99, 116,  49,  92, 112, 
    105, 120, 101, 108, 115, 104, 
     97, 100, 101, 114,  46, 104, 
    108, 115, 108,   0, 102, 108, 
    111,  97, 116,  51,  32,  76, 
    105, 110, 101,  97, 114,  84, 
    111,  83,  82,  71,  66,  40, 
    102, 108, 111,  97, 116,  51, 
     32, 114, 103,  98,  41,  10, 
    123,  10,  32,  32,  32,  32, 
    114, 103,  98,  32,  61,  32, 
    109,  97, 120,  40, 114, 103, 
     98,  44,  32, 102, 108, 111, 
     97, 116,  51,  40,  48,  44, 
     32,  48,  44,  32,  48,  41, 
     41,  59,  10,  32,  32,  32, 
     32, 114, 101, 116, 117, 114, 
    110,  32, 109,  97, 120,  40, 
     49,  46,  48,  53,  53,  32, 
     42,  32, 112, 111, 119,  40, 
    114, 103,  98,  44,  32,  48, 
     46,  52,  49,  54,  54,  54, 
     54,  54,  54,  55,  41,  32, 
     45,  32,  48,  46,  48,  53, 
     53,  44,  32,  48,  46,  48, 
     41,  59,  10, 125,  10,  10, 
     84, 101, 120, 116, 117, 114, 
    101,  50,  68,  32, 116, 101, 
    120,  32,  58,  32, 114, 101, 
    103, 105, 115, 116, 101, 114, 
     40, 116,  48,  41,  59,  10, 
     83,  97, 109, 112, 108, 101, 
    114,  83, 116,  97, 116, 101, 
     32, 115, 109, 112,  32,  58, 
     32, 114, 101, 103, 105, 115, 
    116, 101, 114,  40, 115,  48, 
     41,  59,  10,  10, 102, 108, 
    111,  97, 116,  52,  32, 109, 
     97, 105, 110,  40, 102, 108, 
    111,  97, 116,  50,  32, 117, 
    118,  32,  58,  32,  84,  69, 
     88,  67,  79,  79,  82,  68, 
     48,  41,  32,  58,  32,  83, 
     86,  95,  84,  97, 114, 103, 
    101, 116,  10, 123,  10,  32, 
     32,  32,  32, 102, 108, 111, 
     97, 116,  51,  32,  99, 111, 
    108,  32,  61,  32, 116, 101, 
    120,  46,  83,  97, 109, 112, 
    108, 101,  40, 115, 109, 112, 
     44,  32, 117, 118,  41,  46, 
    114, 103,  98,  59,  10,  32, 
     32,  32,  32,  99, 111, 108, 
     32,  61,  32,  76, 105, 110, 
    101,  97, 114,  84, 111,  83, 
     82,  71,  66,  40,  99, 111, 
    108,  41,  59,  10,  32,  32, 
     32,  32, 114, 101, 116, 117, 
    114, 110,  32, 102, 108, 111, 
     97, 116,  52,  40,  99, 111, 
    108,  44,  32,  49,  46,  48, 
    102,  41,  59,  10, 125,  10, 
      0,   7,   0,   0,   0,   0, 
      0,   0,   0,  67,   0,   0, 
      0,   0,   0,   0,  27, 226, 
     48,   1, 128,   0,   0,   0, 
     11,  13,  81,  69, 154, 203, 
    211,   1,   1,   0,   0,   0, 
      0,   0,   0,   0,   0,   0, 
      0,   0,   0,   0,   0,   0, 
      0,   0,   0,   0,   0,   0, 
      0,   0,   0,   0,   0,   0, 
      0,   0,   0,   0,   0,   0, 
      0,   0,   0,   0,   0,   0, 
      0,   0,   0,   0,   0,   0, 
      0,   0,   1,   0,   0,   0, 
      2,   0,   0,   0,   1,   0, 
      0,   0,   1,   0,   0,   0, 
      0,   0,   0,   0,  68,   0, 
      0,   0,  40,   0,   0,   0, 
     27, 226,  48,   1, 220, 209, 
    234,  36,  94,   1,   0,   0, 
      1,   0,   0,   0,  67,   0, 
      0,   0,  68,   0,   0,   0, 
      0,   0,   0,   0,   0,   0, 
      0,   0,   0,   0,   0,   0, 
      0,   0,   0,   0,   0,   0, 
      0,   0,   0,   0,   0,   0, 
      0,   0,   0,   0,   0,   0, 
      0,   0,   0,   0,   0,   0, 
      0,   0,   0,   0,   0,   0, 
      0,   0,   0,   0,   0,   0, 
      0,   0,   0,   0,   0,   0, 
      0,   0,   0,   0,   0,   0, 
      0,   0,   0,   0,   0,   0, 
      0,   0,   0,   0,   0,   0, 
      0,   0,   0,   0,   0,   0, 
      0,   0,   0,   0,   0,   0, 
      0,   0,   0,   0,   0,   0, 
      0,   0,   0,   0,   0,   0, 
      0,   0,   0,   0,   0,   0, 
      0,   0,   0,   0,   0,   0, 
      0,   0,   0,   0,   0,   0, 
      0,   0,   0,   0,   0,   0, 
      0,   0,   0,   0,   0,   0, 
      0,   0,   0,   0,   0,   0, 
      0,   0,   0,   0,   0,   0, 
      0,   0,   0,   0,   0,   0, 
      0,   0,   0,   0,   0,   0, 
      0,   0,   0,   0,   0,   0, 
      0,   0,   0,   0,   0,   0, 
      0,   0,   0,   0,   0,   0, 
      0,   0,   0,   0,   0,   0, 
      0,   0,   0,   0,   0,   0, 
      0,   0,   0,   0,   0,   0, 
      0,   0,   0,   0,   0,   0, 
      0,   0,   0,   0,   0,   0, 
      0,   0,   0,   0,   0,   0, 
      0,   0,   0,   0,   0,   0, 
      0,   0,   0,   0,   0,   0, 
      0,   0,   0,   0,   0,   0, 
      0,   0,   0,   0,   0,   0, 
      0,   0,   0,   0,   0,   0, 
      0,   0,   0,   0,   0,   0, 
      0,   0,   0,   0,   0,   0, 
      0,   0,   0,   0,   0,   0, 
      0,   0,   0,   0,   0,   0, 
      0,   0,   0,   0,   0,   0, 
      0,   0,   0,   0,   0,   0, 
      0,   0,   0,   0,   0,   0, 
      0,   0,   0,   0,   0,   0, 
      0,   0,   0,   0,   0,   0, 
      0,   0,   0,   0,   0,   0, 
      0,   0,   0,   0,   0,   0, 
      0,   0,   0,   0,   0,   0, 
      0,   0,   0,   0,   0,   0, 
      0,   0,   0,   0,   0,   0, 
      0,   0,   0,   0,   0,   0, 
      0,   0,   0,   0,   0,   0, 
      0,   0,   0,   0,   0,   0, 
      0,   0,   0,   0,   0,   0, 
      0,   0,   0,   0,   0,   0, 
      0,   0,   0,   0,   0,   0, 
      0,   0,   0,   0,   0,   0, 
      0,   0,   0,   0,   0,   0, 
      0,   0,   0,   0,   0,   0, 
      0,   0,   0,   0,   0,   0, 
      0,   0,   0,   0,   0,   0, 
      0,   0,   0,   0,   0,   0, 
      0,   0,   0,   0,   0,   0, 
      4,   0,   0,   0,  74,   0, 
     60,  17,  16,   1,   0,   0, 
      0,   1,   6,   0,   3,   0, 
      0,  64, 128,  37,   6,   0, 
      3,   0,   0,  64, 128,  37, 
     77, 105,  99, 114, 111, 115, 
    111, 102, 116,  32,  40,  82, 
     41,  32,  72,  76,  83,  76, 
     32,  83, 104,  97, 100, 101, 
    114,  32,  67, 111, 109, 112, 
    105, 108, 101, 114,  32,  54, 
     46,  51,  46,  57,  54,  48, 
     48,  46,  49,  54,  51,  56, 
     52,   0,  54,   0,  61,  17, 
      1, 104, 108, 115, 108,  70, 
    108,  97, 103, 115,   0,  48, 
    120,  53,   0, 104, 108, 115, 
    108,  84,  97, 114, 103, 101, 
    116,   0, 112, 115,  95,  53, 
     95,  48,   0, 104, 108, 115, 
    108,  69, 110, 116, 114, 121, 
      0, 109,  97, 105, 110,   0, 
      0,   0,   0,   0,  42,   0, 
     16,  17,   0,   0,   0,   0, 
    124,   3,   0,   0,   0,   0, 
      0,   0, 176,   1,   0,   0, 
      0,   0,   0,   0, 176,   1, 
      0,   0,   4,  16,   0,   0, 
     72,   0,   0,   0,   1,   0, 
    160, 109,  97, 105, 110,   0, 
     42,   0,  62,  17,   0,  16, 
      0,   0,   9,   0, 117, 118, 
      0,   0,   0,   0,   0,   0, 
      0,   0,   0,   0,   0,   0, 
      0,   0,   0,   0,   0,   0, 
      0,   0,   0,   0,   0,   0, 
      0,   0,   0,   0,   0,   0, 
      0,   0,  22,   0,  80,  17, 
      1,   0,   5,   0,   0,   0, 
      4,   0,  72,   0,   0,   0, 
      1,   0, 176,   1,   0,   0, 
      0,   0,  22,   0,  80,  17, 
      1,   0,   5,   0,   4,   0, 
      4,   0,  72,   0,   0,   0, 
      1,   0, 176,   1,   4,   0, 
      0,   0,  58,   0,  62,  17, 
      3,  16,   0,   0, 136,   0, 
     60, 109,  97, 105, 110,  32, 
    114, 101, 116, 117, 114, 110, 
     32, 118,  97, 108, 117, 101, 
     62,   0,   0,   0,   0,   0, 
      0,   0,   0,   0,   0,   0, 
      0,   0,   0,   0,   0,   0, 
      0,   0,   0,   0,   0,   0, 
      0,   0,   0,   0,   0,   0, 
      0,   0,  22,   0,  80,  17, 
      2,   0,   5,   0,   0,   0, 
      4,   0,  72,   0,   0,   0, 
      1,   0, 176,   1,   0,   0, 
      0,   0,  22,   0,  80,  17, 
      2,   0,   5,   0,   4,   0, 
      4,   0,  72,   0,   0,   0, 
      1,   0, 176,   1,   4,   0, 
      0,   0,  22,   0,  80,  17, 
      2,   0,   5,   0,   8,   0, 
      4,   0,  72,   0,   0,   0, 
      1,   0, 176,   1,   8,   0, 
      0,   0,  22,   0,  80,  17, 
      2,   0,   5,   0,  12,   0, 
      4,   0,  72,   0,   0,   0, 
      1,   0, 176,   1,  12,   0, 
      0,   0,  42,   0,  62,  17, 
      5,  16,   0,   0,   8,   0, 
     99, 111, 108,   0,   0,   0, 
      0,   0,   0,   0,   0,   0, 
      0,   0,   0,   0,   0,   0, 
      0,   0,   0,   0,   0,   0, 
      0,   0,   0,   0,   0,   0, 
      0,   0,   0,   0,  26,   0, 
     80,  17,   0,   0,   5,   0, 
      0,   0,   4,   0, 136,   0, 
      0,   0,   1,   0, 112,   1, 
     84,   0, 240,   0,   0,   0, 
      0,   0,  26,   0,  80,  17, 
      0,   0,   5,   0,   4,   0, 
      4,   0, 136,   0,   0,   0, 
      1,   0, 112,   1,  84,   0, 
    240,   0,   4,   0,   0,   0, 
     26,   0,  80,  17,   0,   0, 
      5,   0,   8,   0,   4,   0, 
    136,   0,   0,   0,   1,   0, 
    112,   1,  84,   0, 240,   0, 
      8,   0,   0,   0,  74,   0, 
     77,  17, 136,   0,   0,   0, 
    120,   3,   0,   0,   0,  16, 
      0,   0,   7,   0,   9,   5, 
     13,  36,   6,   2,   3,  88, 
     13,  59,   6,   2,  12, 128, 
    220,  60,   8,   0,   9,  20, 
     13,  34,   1, 128, 160,  11, 
     48,   9,  11,  13,  35,   3, 
     32,   9,  24,  13,  44,   6, 
      2,   3,  28,   9,  16,   3, 
     80,  13,  52,   3,  40,   9, 
     12,  13,  58,  12,  40,  60, 
      0,   0,  66,   0,  62,  17, 
      7,  16,   0,   0, 136,   0, 
     60,  76, 105, 110, 101,  97, 
    114,  84, 111,  83,  82,  71, 
     66,  32, 114, 101, 116, 117, 
    114, 110,  32, 118,  97, 108, 
    117, 101,  62,   0,   0,   0, 
      0,   0,   0,   0,   0,   0, 
      0,   0,   0,   0,   0,   0, 
      0,   0,   0,   0,   0,   0, 
      0,   0,   0,   0,   0,   0, 
      0,   0,   0,   0,  22,   0, 
     80,  17,   0,   0,   5,   0, 
      0,   0,   4,   0, 184,   1, 
      0,   0,   1,   0,  20,   0, 
      0,   0,   0,   0,  22,   0, 
     80,  17,   0,   0,   5,   0, 
      4,   0,   4,   0, 184,   1, 
      0,   0,   1,   0,  20,   0, 
      4,   0,   0,   0,  22,   0, 
     80,  17,   0,   0,   5,   0, 
      8,   0,   4,   0, 184,   1, 
      0,   0,   1,   0,  20,   0, 
      8,   0,   0,   0,  42,   0, 
     62,  17,   5,  16,   0,   0, 
      9,   0, 114, 103,  98,   0, 
      0,   0,   0,   0,   0,   0, 
      0,   0,   0,   0,   0,   0, 
      0,   0,   0,   0,   0,   0, 
      0,   0,   0,   0,   0,   0, 
      0,   0,   0,   0,   0,   0, 
     22,   0,  80,  17,   0,   0, 
      5,   0,   0,   0,   4,   0, 
    160,   0,   0,   0,   1,   0, 
     24,   1,   0,   0,   0,   0, 
     22,   0,  80,  17,   0,   0, 
      5,   0,   4,   0,   4,   0, 
    160,   0,   0,   0,   1,   0, 
     24,   1,   4,   0,   0,   0, 
     22,   0,  80,  17,   0,   0, 
      5,   0,   8,   0,   4,   0, 
    160,   0,   0,   0,   1,   0, 
     24,   1,   8,   0,   0,   0, 
      2,   0,  78,  17,   2,   0, 
      6,   0, 244,   0,   0,   0, 
     24,   0,   0,   0,   1,   0, 
      0,   0,  16,   1,  89, 144, 
     10,  46, 247, 209, 161, 156, 
    127, 130,  60, 142,  11,  21, 
    199,  33,   0,   0, 242,   0, 
      0,   0, 176,   1,   0,   0, 
      0,   0,   0,   0,   1,   0, 
      1,   0, 248,   1,   0,   0, 
      0,   0,   0,   0,  34,   0, 
      0,   0, 164,   1,   0,   0, 
     72,   0,   0,   0,  12,   0, 
      0, 128,  72,   0,   0,   0, 
     12,   0,   0,   0, 116,   0, 
      0,   0,  12,   0,   0, 128, 
    116,   0,   0,   0,  12,   0, 
      0,   0, 136,   0,   0,   0, 
     13,   0,   0, 128, 136,   0, 
      0,   0,  13,   0,   0,   0, 
    140,   0,   0,   0,  13,   0, 
      0, 128, 140,   0,   0,   0, 
     13,   0,   0,   0, 160,   0, 
      0,   0,  13,   0,   0, 128, 
    160,   0,   0,   0,  13,   0, 
      0,   0, 192,   0,   0,   0, 
     13,   0,   0, 128, 192,   0, 
      0,   0,  13,   0,   0,   0, 
    220,   0,   0,   0,  13,   0, 
      0, 128, 220,   0,   0,   0, 
     13,   0,   0,   0, 240,   0, 
      0,   0,  13,   0,   0, 128, 
    240,   0,   0,   0,  13,   0, 
      0,   0,  24,   1,   0,   0, 
     13,   0,   0, 128,  24,   1, 
      0,   0,  13,   0,   0,   0, 
     44,   1,   0,   0,  13,   0, 
      0, 128,  44,   1,   0,   0, 
     13,   0,   0,   0,  84,   1, 
      0,   0,  13,   0,   0, 128, 
     84,   1,   0,   0,  13,   0, 
      0,   0, 116,   1,   0,   0, 
     13,   0,   0, 128, 116,   1, 
      0,   0,  13,   0,   0,   0, 
    144,   1,   0,   0,  13,   0, 
      0, 128, 144,   1,   0,   0, 
     13,   0,   0,   0, 184,   1, 
      0,   0,  13,   0,   0, 128, 
    184,   1,   0,   0,  13,   0, 
      0,   0, 204,   1,   0,   0, 
     14,   0,   0, 128, 204,   1, 
      0,   0,  14,   0,   0,   0, 
    224,   1,   0,   0,  14,   0, 
      0, 128, 224,   1,   0,   0, 
     14,   0,   0,   0, 244,   1, 
      0,   0,  14,   0,   0, 128, 
    244,   1,   0,   0,  14,   0, 
      0,   0,   5,   0,  41,   0, 
     18,   0,  36,   0,   5,   0, 
     41,   0,  12,   0,  40,   0, 
      5,   0,  28,   0,  11,   0, 
     27,   0,   5,   0,  28,   0, 
     11,   0,  27,   0,   5,   0, 
     28,   0,  11,   0,  27,   0, 
      5,   0,  28,   0,  11,   0, 
     27,   0,   5,   0,  28,   0, 
     11,   0,  27,   0,   5,   0, 
     28,   0,  11,   0,  27,   0, 
      5,   0,  28,   0,  11,   0, 
     27,   0,   5,   0,  28,   0, 
     11,   0,  27,   0,   5,   0, 
     28,   0,  11,   0,  27,   0, 
      5,   0,  28,   0,  11,   0, 
     27,   0,   5,   0,  28,   0, 
     11,   0,  27,   0,   5,   0, 
     28,   0,   5,   0,  27,   0, 
      5,   0,  29,   0,   5,   0, 
     29,   0,   5,   0,  29,   0, 
      5,   0,  29,   0,   5,   0, 
     29,   0,   5,   0,  29,   0, 
    246,   0,   0,   0,  16,   0, 
      0,   0,   0,   0,   0,   0, 
      0,  16,   0,   0,   0,   0, 
      0,   0,   2,   0,   0,   0, 
     12,   0,   0,   0,   0,   0, 
      0,   0,  20,   0,   0,   0, 
     44,   0,   0,   0,   0,   0, 
      0,   0,   0,   0,   0,   0, 
      0,   0,   0,   0,   0,   0, 
      0,   0,   0,   0,   0,   0, 
      0,   0,   0,   0,   0,   0, 
      0,   0,   0,   0,   0,   0, 
      0,   0,   0,   0,   0,   0, 
      0,   0,   0,   0,   0,   0, 
      0,   0,   0,   0,   0,   0, 
      0,   0,   0,   0,   0,   0, 
      0,   0,   0,   0,   0,   0, 
      0,   0,   0,   0,   0,   0, 
      0,   0,   0,   0,   0,   0, 
      0,   0,   0,   0,   0,   0, 
      0,   0,   0,   0,   0,   0, 
      0,   0,   0,   0,   0,   0, 
      0,   0,   0,   0,   0,   0, 
      0,   0,   0,   0,   0,   0, 
      0,   0,   0,   0,   0,   0, 
      0,   0,   0,   0,   0,   0, 
      0,   0,   0,   0,   0,   0, 
      0,   0,   0,   0,   0,   0, 
     11, 202,  49,   1,  56,   0, 
      0,   0,   0,  16,   0,   0, 
     15,  16,   0,   0, 232,   0, 
      0,   0,  10,   0, 255, 255, 
      4,   0,   0,   0,   3, 128, 
      0,   0,   0,   0,   0,   0, 
     60,   0,   0,   0,  60,   0, 
      0,   0,   8,   0,   0,   0, 
     68,   0,   0,   0,   0,   0, 
      0,   0,  22,   0,  27,  21, 
     64,   0,   0,   0,   2,   0, 
      0,   0,   8,   0, 102, 108, 
    111,  97, 116,  50,   0, 243, 
    242, 241,  10,   0,   1,  18, 
      1,   0,   0,   0,   0,  16, 
      0,   0,  22,   0,  27,  21, 
     64,   0,   0,   0,   4,   0, 
      0,   0,  16,   0, 102, 108, 
    111,  97, 116,  52,   0, 243, 
    242, 241,  10,   0,  24,  21, 
      2,  16,   0,   0,   1,   0, 
      1,   0,  14,   0,   8,  16, 
      3,  16,   0,   0,  23,   0, 
      1,   0,   1,  16,   0,   0, 
     22,   0,  27,  21,  64,   0, 
      0,   0,   3,   0,   0,   0, 
     12,   0, 102, 108, 111,  97, 
    116,  51,   0, 243, 242, 241, 
     10,   0,   1,  18,   1,   0, 
      0,   0,   5,  16,   0,   0, 
     10,   0,  24,  21,   5,  16, 
      0,   0,   1,   0,   1,   0, 
     14,   0,   8,  16,   7,  16, 
      0,   0,  23,   0,   1,   0, 
      6,  16,   0,   0,  14,   0, 
     23,  21,   2,  16,   0,   0, 
      3,   2, 224,   3,   0,   0, 
    242, 241,  10,   0,  24,  21, 
      9,  16,   0,   0,   1,   0, 
      1,   0,  10,   0,  24,  21, 
     10,  16,   0,   0,   1,   0, 
      0,   2,  14,   0,  23,  21, 
      0,   0,   0,   0,  10,   2, 
      0,   0,   0,   0, 242, 241, 
     10,   0,  24,  21,  12,  16, 
      0,   0,   1,   0,   1,   0, 
     10,   0,  24,  21,  13,  16, 
      0,   0,   1,   0,   0,   2, 
      0,   0,   0,   0,   0,   0, 
      0,   0,   0,   0,   0,   0, 
      0,   0,   0,   0,   0,   0, 
      0,   0,   0,   0,   0,   0, 
      0,   0,   0,   0,   0,   0, 
      0,   0,   0,   0,   0,   0, 
      0,   0,   0,   0,   0,   0, 
      0,   0,   0,   0,   0,   0, 
      0,   0,   0,   0,   0,   0, 
      0,   0,   0,   0,   0,   0, 
      0,   0,   0,   0,   0,   0, 
      0,   0,   0,   0,   0,   0, 
      0,   0,   0,   0,   0,   0, 
      0,   0,   0,   0,   0,   0, 
      0,   0,   0,   0,   0,   0, 
      0,   0,   0,   0,   0,   0, 
      0,   0,   0,   0,   0,   0, 
      0,   0,   0,   0,   0,   0, 
      0,   0,   0,   0,   0,   0, 
      0,   0,   0,   0,   0,   0, 
      0,   0,   0,   0,   0,   0, 
      0,   0,   0,   0,   0,   0, 
      0,   0,   0,   0,   0,   0, 
      0,   0,   0,   0,   0,   0, 
      0,   0,   0,   0,   0,   0, 
      0,   0,   0,   0,   0,   0, 
      0,   0,   0,   0,   0,   0, 
      0,   0,   0,   0,   0,   0, 
      0,   0,   0,   0,   0,   0, 
      0,   0,   0,   0,   0,   0, 
      0,   0,   0,   0,   0,   0, 
      0,   0,   0,   0,   0,   0, 
      0,   0,   0,   0,   0,   0, 
      0,   0,   0,   0,   0,   0, 
      0,   0,   0,   0,   0,   0, 
      0,   0,   0,   0,   0,   0, 
      0,   0,   0,   0,   0,   0, 
      0,   0,  16, 120,   0,   0, 
      0,  16,   0,   0,   0,   0, 
      0,   0,   0,  16,   0,   0, 
      0,   0,   0,   0, 255, 255, 
    255, 255,   4,   0,   0,   0, 
      3, 128,   0,   0,   0,   0, 
      0,   0, 255, 255, 255, 255, 
      0,   0,   0,   0, 255, 255, 
    255, 255,   0,   0,   0,   0, 
    255, 255, 255, 255,  22,   0, 
     27,  21,  64,   0,   0,   0, 
      2,   0,   0,   0,   8,   0, 
    102, 108, 111,  97, 116,  50, 
      0, 243, 242, 241,  10,   0, 
      1,  18,   1,   0,   0,   0, 
      0,  16,   0,   0,  22,   0, 
     27,  21,  64,   0,   0,   0, 
      4,   0,   0,   0,  16,   0, 
    102, 108, 111,  97, 116,  52, 
      0, 243, 242, 241,  10,   0, 
     24,  21,   2,  16,   0,   0, 
      1,   0,   1,   0,  14,   0, 
      8,  16,   3,  16,   0,   0, 
     23,   0,   1,   0,   1,  16, 
      0,   0,  22,   0,  27,  21, 
     64,   0,   0,   0,   3,   0, 
      0,   0,  12,   0, 102, 108, 
    111,  97, 116,  51,   0, 243, 
    242, 241,  10,   0,   1,  18, 
      1,   0,   0,   0,   5,  16, 
      0,   0,  10,   0,  24,  21, 
      5,  16,   0,   0,   1,   0, 
      1,   0,  14,   0,   8,  16, 
      7,  16,   0,   0,  23,   0, 
      1,   0,   6,  16,   0,   0, 
     14,   0,  23,  21,   2,  16, 
      0,   0,   3,   2, 224,   3, 
      0,   0, 242, 241,  10,   0, 
     24,  21,   9,  16,   0,   0, 
      1,   0,   1,   0,  10,   0, 
     24,  21,  10,  16,   0,   0, 
      1,   0,   0,   2,  14,   0, 
     23,  21,   0,   0,   0,   0, 
     10,   2,   0,   0,   0,   0, 
    242, 241,  10,   0,  24,  21, 
     12,  16,   0,   0,   1,   0, 
      1,   0,  10,   0,  24,  21, 
     13,  16,   0,   0,   1,   0, 
      0,   2,   0,   0,   0,   0, 
      0,   0,   0,   0,   0,   0, 
      0,   0,   0,   0,   0,   0, 
      0,   0,   0,   0,   0,   0, 
      0,   0,   0,   0,   0,   0, 
      0,   0,   0,   0,   0,   0, 
      0,   0,   0,   0,   0,   0, 
      0,   0,   0,   0,   0,   0, 
      0,   0,   0,   0,   0,   0, 
      0,   0,   0,   0,   0,   0, 
      0,   0,   0,   0,   0,   0, 
      0,   0,   0,   0,   0,   0, 
      0,   0,   0,   0,   0,   0, 
      0,   0,   0,   0,   0,   0, 
      0,   0,   0,   0,   0,   0, 
      0,   0,   0,   0,   0,   0, 
      0,   0,   0,   0,   0,   0, 
      0,   0,   0,   0,   0,   0, 
      0,   0,   0,   0,   0,   0, 
      0,   0,   0,   0,   0,   0, 
      0,   0,   0,   0,   0,   0, 
      0,   0,   0,   0,   0,   0, 
      0,   0,   0,   0,   0,   0, 
      0,   0,   0,   0,   0,   0, 
      0,   0,   0,   0,   0,   0, 
      0,   0,   0,   0,   0,   0, 
      0,   0,   0,   0,   0,   0, 
      0,   0,   0,   0,   0,   0, 
      0,   0,   0,   0,   0,   0, 
      0,   0,   0,   0,   0,   0, 
      0,   0,   0,   0,   0,   0, 
      0,   0,   0,   0,   0,   0, 
      0,   0,   0,   0,   0,   0, 
      0,   0,   0,   0,   0,   0, 
      0,   0,   0,   0,   0,   0, 
      0,   0,   0,   0,   0,   0, 
      0,   0,   0,   0,   0,   0, 
      0,   0,   0,   0,  68,  51, 
     68,  83,  72,  68,  82,   0, 
    248,   1,   0,   0,   0,   0, 
      0,   0,   0,   0,   0,   0, 
      0,   0,   0,   0,   0,   0, 
      0,   0,   0,   0,   0,   0, 
      0,   0,   0,   0,  32,   0, 
      0,  96,   4,   0,   0,   0, 
      8,   0,   0,   0,  12,   0, 
      0,   0,   0,   0,   0,   0, 
     26,   0,   1,  22,   0,   0, 
      0,   0,   8,  16,   0,   0, 
     76, 105, 110, 101,  97, 114, 
     84, 111,  83,  82,  71,  66, 
      0, 243, 242, 241,   0,   0, 
      0,   0,   0,   0,   0,   0, 
      0,   0,   0,   0,   0,   0, 
      0,   0,   0,   0,   0,   0, 
      0,   0,   0,   0,   0,   0, 
      0,   0,   0,   0,   0,   0, 
      0,   0,   0,   0,   0,   0, 
      0,   0,   0,   0,   0,   0, 
      0,   0,   0,   0,   0,   0, 
      0,   0,   0,   0,   0,   0, 
      0,   0,   0,   0,   0,   0, 
      0,   0,   0,   0,   0,   0, 
      0,   0,   0,   0,   0,   0, 
      0,   0,   0,   0,   0,   0, 
      0,   0,   0,   0,   0,   0, 
      0,   0,   0,   0,   0,   0, 
      0,   0,   0,   0,   0,   0, 
      0,   0,   0,   0,   0,   0, 
      0,   0,   0,   0,   0,   0, 
      0,   0,   0,   0,   0,   0, 
      0,   0,   0,   0,   0,   0, 
      0,   0,   0,   0,   0,   0, 
      0,   0,   0,   0,   0,   0, 
      0,   0,   0,   0,   0,   0, 
      0,   0,   0,   0,   0,   0, 
      0,   0,   0,   0,   0,   0, 
      0,   0,   0,   0,   0,   0, 
      0,   0,   0,   0,   0,   0, 
      0,   0,   0,   0,   0,   0, 
      0,   0,   0,   0,   0,   0, 
      0,   0,   0,   0,   0,   0, 
      0,   0,   0,   0,   0,   0, 
      0,   0,   0,   0,   0,   0, 
      0,   0,   0,   0,   0,   0, 
      0,   0,   0,   0,   0,   0, 
      0,   0,   0,   0,   0,   0, 
      0,   0,   0,   0,   0,   0, 
      0,   0,   0,   0,   0,   0, 
      0,   0,   0,   0,   0,   0, 
      0,   0,   0,   0,   0,   0, 
      0,   0,   0,   0,   0,   0, 
      0,   0,   0,   0,   0,   0, 
      0,   0,   0,   0,   0,   0, 
      0,   0,   0,   0,   0,   0, 
      0,   0,   0,   0,   0,   0, 
      0,   0,   0,   0,   0,   0, 
      0,   0,   0,   0,   0,   0, 
      0,   0,   0,   0,   0,   0, 
      0,   0,   0,   0,   0,   0, 
      0,   0,   0,   0,   0,   0, 
      0,   0,   0,   0,   0,   0, 
      0,   0,   0,   0,   0,   0, 
      0,   0,   0,   0,   0,   0, 
      0,   0,   0,   0,   0,   0, 
      0,   0,   0,   0,   0,   0, 
      0,   0,   0,   0,   0,   0, 
      0,   0,   0,   0,   0,   0, 
      0,   0,   0,   0,   0,   0, 
      0,   0,   0,   0,   0,   0, 
      0,   0,   0,   0,   0,   0, 
      0,   0,   0,   0,   0,   0, 
      0,   0,   0,   0,   0,   0, 
      0,   0,   0,   0,   0,   0, 
      0,   0,   0,   0,   0,   0, 
      0,   0,   0,   0,   0,   0, 
      0,   0,   0,   0,   0,   0, 
      0,   0,   0,   0,   0,   0, 
      0,   0,   0,   0,   0,   0, 
      0,   0,   0,   0,   0,   0, 
      0,   0,   0,   0,   0,   0, 
      0,   0,   0,   0,   0,   0, 
      0,   0,   0,   0,   0,   0, 
    255, 255, 255, 255,  26,   9, 
     47, 241,  24,   0,   0,   0, 
     16,   2,   0,   0,  21,   0, 
      0,   0,   1,   0,   0,   0, 
      1,   0,   0,   0,   1,   0, 
      0,   0,  45,   0,   0,   0, 
      1,   0,   0,   0,   0,   0, 
      0,   0,   0,   0,   0,   0, 
      0,   0,   0,   0,   0,   0, 
      0,   0,   0,   0,   0,   0, 
      0,   0,   0,   0,   0,   0, 
      0,   0,   0,   0,   0,   0, 
     16,   0,   0,   0,   0,   0, 
      0,   0,   0,   0,   0,   0, 
      0,   0,   0,   0,   0,   0, 
      0,   0,   0,   0,   0,   0, 
      0,   0,   0,   0,   0,   0, 
      0,   0,   0,   0,   0,   0, 
     32,   0,   0,   0,   0,   0, 
      0,   0,   0,   0,   0,   0, 
      0,   0,   0,   0,   0,   0, 
      0,   0,   0,   0,   0,   0, 
      0,   0,   0,   0,   0,   0, 
      0,   0,   0,   0,   0,   0, 
      0,   0,   0,   0,   0,   0, 
      0,   0,   0,   0,   0,   0, 
      0,   0,   0,   0,   0,   0, 
      0,   0,   0,   0,   0,   0, 
      0,   0,   0,   0,   0,   0, 
      0,   0,   0,   0,   0,   0, 
      0,   0,   0,   0,   0,   0, 
      0,   0,   0,   0,   0,   0, 
      0,   0,   0,   0,   0,   0, 
      0,   0,   0,   0,   0,   0, 
      0,   0,   0,   0,   0,   0, 
      0,   0,   0,   0,   0,   0, 
      0,   0,   0,   0,   0,   0, 
      0,   0,   0,   0,   0,   0, 
      0,   0,   0,   0,   0,   0, 
      0,   0,   0,   0,   0,   0, 
      0,   0,   0,   0,   0,   0, 
      0,   0,   0,   0,   0,   0, 
      0,   0,   0,   0,   0,   0, 
      0,   0,   0,   0,   0,   0, 
      0,   0,   0,   0,   0,   0, 
      0,   0,   0,   0,   0,   0, 
      0,   0,   0,   0,   0,   0, 
      0,   0,   0,   0,   0,   0, 
      0,   0,   0,   0,   0,   0, 
      0,   0,   0,   0,   0,   0, 
      0,   0,   0,   0,   0,   0, 
      0,   0,   0,   0,   0,   0, 
      0,   0,   0,   0,   0,   0, 
      0,   0,   0,   0,   0,   0, 
      0,   0,   0,   0,   0,   4, 
      0,   0,   0,   0,   0,   0, 
      0,   0,   0,   0,   0,   0, 
      0,   0,   0,   0,   0,   0, 
      0,   0,   0,   0,   0,   0, 
      0,   0,   0,   0,   0,   0, 
      0,   0,   0,   0,   0,   0, 
      0,   0,   0,   0,   0,   0, 
      0,   0,   0,   0,   0,   0, 
      0,   0,   0,   0,   0,   0, 
      0,   0,   0,   0,   0,   0, 
      0,   0,   0,   0,   0,   0, 
      0,   0,   0,   0,   0,   0, 
      0,   0,   0,   0,   0,   0, 
      0,   0,   0,   0,   0,   0, 
      0,   0,   0,   0,   0,   0, 
      0,   0,   0,   0,   0,   0, 
      0,   0,   0,   0,   0,   0, 
      0,   0,   0,   0,   0,   0, 
      0,   0,   0,   0,   0,   0, 
      0,   0,   0,   0,   0,   0, 
      0,   0,   0,   0,   0,   0, 
      0,   0,   0,   0,   0,   0, 
      0,   0,   0,   0,   0,   0, 
      0,   0,   0,   0,   0,   0, 
      0,   0,   0,   0,   0,   0, 
      0,   0,   0,   0,   0,   0, 
      0,   0,   0,   0,   0,   0, 
      0,   0,   0,   0,   0,   0, 
      0,   0,   0,   0,   0,   0, 
      0,   0,   0,   0,   0,   0, 
      0,   0,   0,   0,   0,   0, 
      0,   0,   0,   0,   0,   0, 
      0,   0,   0,   0,   0,   0, 
      0,   0,   0,   0,   0,   0, 
      0,   0,   0,   0,   0,   0, 
      0,   0,   0,   0,   0,   0, 
      0,   0,   0,   0,   0,   0, 
      0,   0,   0,   0,   0,   0, 
      0,   0,  12,   0,   0,   0, 
     24,   0,   0,   0,   0,   0, 
      0,   0,   0,   0,   0,   0, 
      0,   0,   0,   0,   0,   0, 
      0,   0,   0,   0,   0,   0, 
      0,   0,   0,   0,   0,   0, 
      0,   0,   0,   0,   0,   0, 
      0,   0,   0,   0,   0,   0, 
      0,   0,   0,   0,   0,   0, 
      0,   0,   0,   0,   0,   0, 
      0,   0,   0,   0,   0,   0, 
      0,   0,   0,   0,   0,   0, 
      0,   0,   0,   0,   0,   0, 
      0,   0,   0,   0,   0,   0, 
      0,   0,   0,   0,   0,   0, 
      0,   0,   0,   0,   0,   0, 
      0,   0,   0,   0,   0,   0, 
      0,   0,   0,   0,   0,   0, 
      0,   0,   0,   0,   0,   0, 
      0,   0,   0,   0,   0,   0, 
      0,   0,   0,   0,   0,   0, 
      0,   0,   0,   0,   0,   0, 
      0,   0,   0,   0,   0,   0, 
      0,   0,   0,   0,   0,   0, 
      0,   0,   0,   0,   0,   0, 
      0,   0,   0,   0,   0,   0, 
      0,   0,   0,   0,   0,   0, 
      0,   0,   0,   0,   0,   0, 
      0,   0,   0,   0,   0,   0, 
      0,   0,   0,   0,   0,   0, 
      0,   0,   0,   0,   0,   0, 
      0,   0,   0,   0,   0,   0, 
      0,   0,   0,   0,   0,   0, 
      0,   0,   0,   0,   0,   0, 
      0,   0,   0,   0,   0,   0, 
      0,   0,   0,   0,   0,   0, 
      0,   0,   0,   0,   0,   0, 
      0,   0,   0,   0,   0,   0, 
      0,   0,   0,   0,   0,   0, 
      0,   0,   0,   0,   0,   0, 
      0,   0,   0,   0,   0,   0, 
      0,   0,   0,   0,   0,   0, 
      0,   0,   0,   0,   0,   0, 
      0,   0,   0,   0,   0,   0, 
      0,   0,   0,   0,   0,   0, 
      0,   0,   0,   0,   0,   0, 
      0,   0,   0,   0,   0,   0, 
      0,   0,   0,   0,   0,   0, 
      0,   0,   0,   0,   0,   0, 
      0,   0,   0,   0,   0,   0, 
      0,   0,   0,   0,   0,   0, 
      0,   0,   0,   0,   0,   0, 
      0,   0,   0,   0,   0,   0, 
      0,   0,   0,   0,   0,   0, 
      0,   0,   0,   0,   0,   0, 
      0,   0,   0,   0,   0,   0, 
      0,   0,   0,   0,   0,   0, 
      0,   0,   0,   0,   0,   0, 
      0,   0,   0,   0,   0,   0, 
      0,   0,   0,   0,   0,   0, 
      0,   0,   0,   0,   0,   0, 
      0,   0,   0,   0,   0,   0, 
      0,   0,   0,   0,   0,   0, 
      0,   0,   0,   0,   0,   0, 
      0,   0,   0,   0,   0,   0, 
      0,   0,   0,   0,   0,   0, 
      0,   0,   0,   0,   0,   0, 
      0,   0,   0,   0,   0,   0, 
      0,   0,   0,   0,   0,   0, 
      0,   0,   0,   0,   0,   0, 
      0,   0,   0,   0,   0,   0, 
      0,   0,   0,   0,   0,   0, 
      0,   0,   0,   0,   0,   0, 
      0,   0,   0,   0,   0,   0, 
      0,   0,   0,   0,   0,   0, 
      0,   0,   0,   0,   0,   0, 
      0,   0,   0,   0,   0,   0, 
      0,   0,   0,   0,  18,   0, 
     37,  17,   0,   0,   0,   0, 
    136,   0,   0,   0,   1,   0, 
    109,  97, 105, 110,   0,   0, 
     22,   0,  81,  17,  11,  16, 
      0,   0,   7,   0, 255, 255, 
    255, 255,   0,   0, 255, 255, 
    255, 255, 116, 101, 120,   0, 
     22,   0,  81,  17,  14,  16, 
      0,   0,   6,   0, 255, 255, 
    255, 255, 255, 255,   0,   0, 
    255, 255, 115, 109, 112,   0, 
      0,   0,   0,   0,   0,   0, 
      0,   0,   0,   0,   0,   0, 
      0,   0,   0,   0,   0,   0, 
      0,   0,   0,   0,   0,   0, 
      0,   0,   0,   0,   0,   0, 
      0,   0,   0,   0,   0,   0, 
      0,   0,   0,   0,   0,   0, 
      0,   0,   0,   0,   0,   0, 
      0,   0,   0,   0,   0,   0, 
      0,   0,   0,   0,   0,   0, 
      0,   0,   0,   0,   0,   0, 
      0,   0,   0,   0,   0,   0, 
      0,   0,   0,   0,   0,   0, 
      0,   0,   0,   0,   0,   0, 
      0,   0,   0,   0,   0,   0, 
      0,   0,   0,   0,   0,   0, 
      0,   0,   0,   0,   0,   0, 
      0,   0,   0,   0,   0,   0, 
      0,   0,   0,   0,   0,   0, 
      0,   0,   0,   0,   0,   0, 
      0,   0,   0,   0,   0,   0, 
      0,   0,   0,   0,   0,   0, 
      0,   0,   0,   0,   0,   0, 
      0,   0,   0,   0,   0,   0, 
      0,   0,   0,   0,   0,   0, 
      0,   0,   0,   0,   0,   0, 
      0,   0,   0,   0,   0,   0, 
      0,   0,   0,   0,   0,   0, 
      0,   0,   0,   0,   0,   0, 
      0,   0,   0,   0,   0,   0, 
      0,   0,   0,   0,   0,   0, 
      0,   0,   0,   0,   0,   0, 
      0,   0,   0,   0,   0,   0, 
      0,   0,   0,   0,   0,   0, 
      0,   0,   0,   0,   0,   0, 
      0,   0,   0,   0,   0,   0, 
      0,   0,   0,   0,   0,   0, 
      0,   0,   0,   0,   0,   0, 
      0,   0,   0,   0,   0,   0, 
      0,   0,   0,   0,   0,   0, 
      0,   0,   0,   0,   0,   0, 
      0,   0,   0,   0,   0,   0, 
      0,   0,   0,   0,   0,   0, 
      0,   0,   0,   0,   0,   0, 
      0,   0,   0,   0,   0,   0, 
      0,   0,   0,   0,   0,   0, 
      0,   0,   0,   0,   0,   0, 
      0,   0,   0,   0,   0,   0, 
      0,   0,   0,   0,   0,   0, 
      0,   0,   0,   0,   0,   0, 
      0,   0,   0,   0,   0,   0, 
      0,   0,   0,   0,   0,   0, 
      0,   0,   0,   0,   0,   0, 
      0,   0,   0,   0,   0,   0, 
      0,   0,   0,   0,   0,   0, 
      0,   0,   0,   0,   0,   0, 
      0,   0,   0,   0,   0,   0, 
      0,   0,   0,   0,   0,   0, 
      0,   0,   0,   0,   0,   0, 
      0,   0,   0,   0,   0,   0, 
      0,   0,   0,   0,   0,   0, 
      0,   0,   0,   0,   0,   0, 
      0,   0,   0,   0,   0,   0, 
      0,   0,   0,   0,   0,   0, 
      0,   0,   0,   0,   0,   0, 
      0,   0,   0,   0,   0,   0, 
      0,   0,   0,   0,   0,   0, 
      0,   0,   0,   0,   0,   0, 
      0,   0,   0,   0,   0,   0, 
      0,   0,   0,   0,   0,   0, 
      0,   0,   0,   0,   0,   0, 
      0,   0,   0,   0,   0,   0, 
      0,   0,   0,   0,   0,   0, 
      0,   0,   0,   0,   0,   0, 
     16,   0,   0,   0,   0,   0, 
      0,   0,   0,   0,   0,   0, 
      0,   0,   0,   0,   0,   0, 
      0,   0,   0,   0,   0,   0, 
      0,   0,   0,   0, 255, 255, 
    255, 255,  26,   9,  47, 241, 
      0,   0,   0,   0,   0,   0, 
      0,   0,   0,   0,   0,   0, 
      0,   0,   0,   0,   0,   0, 
      0,   0,   0,   0,   0,   0, 
      0,   0,   0,   0,   0,   0, 
      0,   0,   0,   0,   0,   0, 
      0,   0,   0,   0,   0,   0, 
      0,   0,   0,   0,   0,   0, 
      0,   0,   0,   0,   0,   0, 
      0,   0,   0,   0,   0,   0, 
      0,   0,   0,   0,   0,   0, 
      0,   0,   0,   0,   0,   0, 
      0,   0,   0,   0,   0,   0, 
      0,   0,   0,   0,   0,   0, 
      0,   0,   0,   0,   0,   0, 
      0,   0,   0,   0,   0,   0, 
      0,   0,   0,   0,   0,   0, 
      0,   0,   0,   0,   0,   0, 
      0,   0,   0,   0,   0,   0, 
      0,   0,   0,   0,   0,   0, 
      0,   0,   0,   0,   0,   0, 
      0,   0,   0,   0,   0,   0, 
      0,   0,   0,   0,   0,   0, 
      0,   0,   0,   0,   0,   0, 
      0,   0,   0,   0,   0,   0, 
      0,   0,   0,   0,   0,   0, 
      0,   0,   0,   0,   0,   0, 
      0,   0,   0,   0,   0,   0, 
      0,   0,   0,   0,   0,   0, 
      0,   0,   0,   0,   0,   0, 
      0,   0,   0,   0,   0,   0, 
      0,   0,   0,   0,   0,   0, 
      0,   0,   0,   0,   0,   0, 
      0,   0,   0,   0,   0,   0, 
      0,   0,   0,   0,   0,   0, 
      0,   0,   0,   0,   0,   0, 
      0,   0,   0,   0,   0,   0, 
      0,   0,   0,   0,   0,   0, 
      0,   0,   0,   0,   0,   0, 
      0,   0,   0,   0,   0,   0, 
      0,   0,   0,   0,   0,   0, 
      0,   0,   0,   0,   0,   0, 
      0,   0,   0,   0,   0,   0, 
      0,   0,   0,   0,   0,   0, 
      0,   0,   0,   0,   0,   0, 
      0,   0,   0,   0,   0,   0, 
      0,   0,   0,   0,   0,   0, 
      0,   0,   0,   0,   0,   0, 
      0,   0,   0,   0,   0,   0, 
      0,   0,   0,   0,   0,   0, 
      0,   0,   0,   0,   0,   0, 
      0,   0,   0,   0,   0,   0, 
      0,   0,   0,   0,   0,   0, 
      0,   0,   0,   0,   0,   0, 
      0,   0,   0,   0,   0,   0, 
      0,   0,   0,   0,   0,   0, 
      0,   0,   0,   0,   0,   0, 
      0,   0,   0,   0,   0,   0, 
      0,   0,   0,   0,   0,   0, 
      0,   0,   0,   0,   0,   0, 
      0,   0,   0,   0,   0,   0, 
      0,   0,   0,   0,   0,   0, 
      0,   0,   0,   0,   0,   0, 
      0,   0,   0,   0,   0,   0, 
      0,   0,   0,   0,   0,   0, 
      0,   0,   0,   0,   0,   0, 
      0,   0,   0,   0,   0,   0, 
      0,   0,   0,   0,   0,   0, 
      0,   0,   0,   0,   0,   0, 
      0,   0,   0,   0,   0,   0, 
      0,   0,   0,   0,   0,   0, 
      0,   0,   0,   0,   0,   0, 
      0,   0,   0,   0,   0,   0, 
      0,   0,   0,   0,   0,   0, 
      0,   0,   0,   0,   0,   0, 
      0,   0,   0,   0,   0,   0, 
      0,   0,   0,   0,   0,   0, 
      0,   0,   0,   0,   0,   0, 
      0,   0,   0,   0,   0,   0, 
      0,   0, 255, 255, 255, 255, 
    119,   9,  49,   1,   1,   0, 
      0,   0,  13,   0,   0, 139, 
     14,   0, 183, 195,  15,   0, 
      0,   0,  76,   0,   0,   0, 
     32,   0,   0,   0,  44,   0, 
      0,   0,  80,   0,   0,   0, 
      0,   0,   0,   0,   0,   0, 
      0,   0,  22,   0,   0,   0, 
     25,   0,   0,   0,   0,   0, 
      0,   0,   0,   0,   0,   0, 
      0,   0,   0,   0,   1,   0, 
      0,   0,   0,   0,   0,   0, 
    248,   1,   0,   0,  32,   0, 
      0,  96,   0,   0,   0,   0, 
      0,   0,   0,   0,   0,   0, 
      0,   0,   2,   0,   9,   0, 
    128,   3,   0,   0,   0,   0, 
      0,   0, 240,   1,   0,   0, 
      1,   0,   0,   0, 160,  71, 
     15,   4,   0,   0,   0,   0, 
      0,   0,   0,   0, 109,  97, 
    105, 110,   0, 110, 111, 110, 
    101,   0,   0,   0,  45, 186, 
     46, 241,   1,   0,   0,   0, 
      0,   0,   0,   0, 248,   1, 
      0,   0,  32,   0,   0,  96, 
      0,   0,   0,   0,   0,   0, 
      0,   0,   0,   0,   0,   0, 
      2,   0,   2,   0,   7,   0, 
      0,   0,   0,   0,   1,   0, 
    255, 255, 255, 255,   0,   0, 
      0,   0, 248,   1,   0,   0, 
      8,   2,   0,   0,   0,   0, 
      0,   0, 255, 255, 255, 255, 
      0,   0,   0,   0, 255, 255, 
    255, 255,   1,   0,   1,   0, 
      0,   0,   1,   0,   0,   0, 
      0,   0,  67,  58,  92, 100, 
    101, 118,  92, 112, 118, 116, 
     92, 114,  97, 121, 116, 114, 
     97,  99, 101, 114,  92,  87, 
    105, 110,  51,  50,  80, 114, 
    111, 106, 101,  99, 116,  49, 
     92,  87, 105, 110,  51,  50, 
     80, 114, 111, 106, 101,  99, 
    116,  49,  92,  80, 105, 120, 
    101, 108,  83, 104,  97, 100, 
    101, 114,  46, 104, 108, 115, 
    108,   0,   0,   0, 254, 239, 
    254, 239,   1,   0,   0,   0, 
      1,   0,   0,   0,   0,   1, 
      0,   0,   0,   0,   0,   0, 
      0,   0,   0,   0,   0, 255, 
    255, 255, 255, 255, 255, 255, 
    255, 255, 255,  12,   0, 255, 
    255, 255, 255, 255, 255, 255, 
    255, 255, 255,   0,   0,   0, 
      0,   0,   0,   0,   0,   0, 
      0,   0,   0,   0,   0,   0, 
      0,   0,   0,   0,   0,   0, 
      0,   0,   0,   0,   0,   0, 
      0,   0,   0,   0,   0,   0, 
      0,   0,   0,   0,   0,   0, 
      0,   0,   0,   0,   0,   0, 
      0,   0,   0,   0,   0,   0, 
      0,   0,   0,   0,   0,   0, 
      0,   0,   0,   0,   0,   0, 
      0,   0,   0,   0,   0,   0, 
      0,   0,   0,   0,   0,   0, 
      0,   0,   0,   0,   0,   0, 
      0,   0,   0,   0,   0,   0, 
      0,   0,   0,   0,   0,   0, 
      0,   0,   0,   0,   0,   0, 
      0,   0,   0,   0,   0,   0, 
      0,   0,   0,   0,   0,   0, 
      0,   0,   0,   0,   0,   0, 
      0,   0,   0,   0,   0,   0, 
      0,   0,   0,   0,   0,   0, 
      0,   0,   0,   0,   0,   0, 
      0,   0,   0,   0,   0,   0, 
      0,   0,   0,   0,   0,   0, 
      0,   0,   0,   0,   0,   0, 
      0,   0,   0,   0,   0,   0, 
      0,   0,   0,   0,   0,   0, 
      0,   0,   0,   0,   0, 134, 
      0,   0,   0,   1,   0,   0, 
      0,  68,   0,   0,   0,   0, 
      0,   0,   0,   4,   0,   0, 
      0, 118, 116,  92, 114,  97, 
    121, 116, 114,  97,  99, 101, 
    114,  92,  87, 105, 110,  51, 
     50,  80, 114, 111, 106, 101, 
     99, 116,  49,  92,  87, 105, 
    110,  51,  50,  80, 114, 111, 
    106, 101,  99, 116,  49,  92, 
     80, 105, 120, 101, 108,  83, 
    104,  97, 100, 101, 114,  46, 
    104, 108, 115, 108,   0,   0, 
     99,  58,  92, 100, 101, 118, 
     92, 112, 118, 116,  92, 114, 
     97, 121, 116, 114,  97,  99, 
    101, 114,  92, 119, 105, 110, 
     51,  50, 112, 114, 111, 106, 
    101,  99, 116,  49,  92, 119, 
    105, 110,  51,  50, 112, 114, 
    111, 106, 101,  99, 116,  49, 
     92, 112, 105, 120, 101, 108, 
    115, 104,  97, 100, 101, 114, 
     46, 104, 108, 115, 108,   0, 
      4,   0,   0,   0,   1,   0, 
      0,   0,  67,   0,   0,   0, 
     68,   0,   0,   0,   0,   0, 
      0,   0,   3,   0,   0,   0, 
      0,   0,   0,   0,   0,   0, 
      0,   0,   0,   0,   0,   0, 
      0,   0,   0,   0,   0,   0, 
      0,   0,   0,   0,   0,   0, 
      0,   0,   0,   0,   0,   0, 
      0,   0,   0,   0,   0,   0, 
      0,   0,   0,   0,   0,   0, 
      0,   0,   0,   0,   0,   0, 
      0,   0,   0,   0,   0,   0, 
      0,   0,   0,   0,   0,   0, 
      0,   0,   0,   0,   0,   0, 
      0,   0,   0,   0,   0,   0, 
      0,   0,   0,   0,   0,   0, 
      0,   0,   0,   0,   0,   0, 
      0,   0,   0,   0,   0,   0, 
      0,   0,   0,   0,   0,   0, 
      0,   0,   0,   0,   0,   0, 
      0,   0,   0,   0,   0,   0, 
      0,   0,   0,   0,   0,   0, 
      0,   0,   0,   0,   0,   0, 
      0,   0,   0,   0,   0,   0, 
      0,   0,   0,   0,   0,   0, 
      0,   0,   0,   0,   0,   0, 
      0,   0,   0,   0,   0,   0, 
      0,   0,   0,   0,   0,   0, 
      0,   0,   0,   0,   0,   0, 
      0,   0,   0,   0,   0,   0, 
      0,   0,   0,   0,   0,   0, 
      0,   0,   0,   0,   0,   0, 
      0,   0,   0,   0,   0,   0, 
      0,   0,   0,   0,   0,   0, 
      0,   0,   0,   0,   0,   0, 
      0,   0,   0,   0,   0,   0, 
      0,   0,   0,   0,   0,   0, 
      0,   0,   0,   0,   0,   0, 
      0,   0,   0,   0,   0,   0, 
      0,   0,   0,   0,   0,   0, 
      0,   0,   0,   0,   0,   0, 
      0,   0,   0,   0,   0,   0, 
      0,   0,   0,   0,   0,   0, 
      0,   0,   0,   0,   0,   0, 
      0,   0,   0,   0,   0,   0, 
      0,   0,   0,   0,   0,   0, 
      0,   0,   0,   0,   0,   0, 
      0,   0,   0,   0,   0,   0, 
      0,   0,   0,   0,   0,   0, 
      0,   0,   0,   0,   0,   0, 
      0,   0,   0,   0,   0,   0, 
      0,   0,   0,   0,   0,   0, 
      0,   0,   0,   0,   0,   0, 
      0,   0,   0,   0,   0,   0, 
      0,   0,   0,   0,   0,   0, 
      0,   0,   0,   0,   0,   0, 
      0,   0,   0,   0,   0,   0, 
      0,   0,   0,   0,   0,   0, 
      0,   0,   0,   0,   0,   0, 
      0,   0,   0,   0,   0,   0, 
    148,  46,  49,   1, 173, 254, 
    195,  90,   1,   0,   0,   0, 
     24, 221, 167, 199,  18,  52, 
    185,  67, 171,  45,   9, 125, 
     43,   5, 141, 121, 111,   0, 
      0,   0,  47,  76, 105, 110, 
    107,  73, 110, 102, 111,   0, 
     47, 110,  97, 109, 101, 115, 
      0,  47, 115, 114,  99,  47, 
    104, 101,  97, 100, 101, 114, 
     98, 108, 111,  99, 107,   0, 
     47, 115, 114,  99,  47, 102, 
    105, 108, 101, 115,  47,  99, 
     58,  92, 100, 101, 118,  92, 
    112, 118, 116,  92, 114,  97, 
    121, 116, 114,  97,  99, 101, 
    114,  92, 119, 105, 110,  51, 
     50, 112, 114, 111, 106, 101, 
     99, 116,  49,  92, 119, 105, 
    110,  51,  50, 112, 114, 111, 
    106, 101,  99, 116,  49,  92, 
    112, 105, 120, 101, 108, 115, 
    104,  97, 100, 101, 114,  46, 
    104, 108, 115, 108,   0,   4, 
      0,   0,   0,   6,   0,   0, 
      0,   1,   0,   0,   0,  58, 
      0,   0,   0,   0,   0,   0, 
      0,  17,   0,   0,   0,   7, 
      0,   0,   0,  10,   0,   0, 
      0,   6,   0,   0,   0,   0, 
      0,   0,   0,   5,   0,   0, 
      0,  34,   0,   0,   0,   8, 
      0,   0,   0,   0,   0,   0, 
      0,  65, 145,  50,   1,   0, 
      0,   0,   0,   0,   0,   0, 
      0,   0,   0,   0,   0,   0, 
      0,   0,   0,   0,   0,   0, 
      0,   0,   0,   0,   0,   0, 
      0,   0,   0,   0,   0,   0, 
      0,   0,   0,   0,   0,   0, 
      0,   0,   0,   0,   0,   0, 
      0,   0,   0,   0,   0,   0, 
      0,   0,   0,   0,   0,   0, 
      0,   0,   0,   0,   0,   0, 
      0,   0,   0,   0,   0,   0, 
      0,   0,   0,   0,   0,   0, 
      0,   0,   0,   0,   0,   0, 
      0,   0,   0,   0,   0,   0, 
      0,   0,   0,   0,   0,   0, 
      0,   0,   0,   0,   0,   0, 
      0,   0,   0,   0,   0,   0, 
      0,   0,   0,   0,   0,   0, 
      0,   0,   0,   0,   0,   0, 
      0,   0,   0,   0,   0,   0, 
      0,   0,   0,   0,   0,   0, 
      0,   0,   0,   0,   0,   0, 
      0,   0,   0,   0,   0,   0, 
      0,   0,   0,   0,   0,   0, 
      0,   0,   0,   0,   0,   0, 
      0,   0,   0,   0,   0,   0, 
      0,   0,   0,   0,   0,   0, 
      0,   0,   0,   0,   0,   0, 
      0,   0,   0,   0,   0,   0, 
      0,   0,   0,   0,   0,   0, 
      0,   0,   0,   0,   0,   0, 
      0,   0,   0,   0,   0,   0, 
      0,   0,   0,   0,   0,   0, 
      0,   0,   0,   0,   0,   0, 
      0,   0,   0,   0,   0,   0, 
      0,   0,   0,   0,   0,   0, 
      0,   0,   0,   0,   0,   0, 
      0,   0,   0,   0,   0,   0, 
      0,   0,   0,   0,   0,   0, 
      0,   0,   0,   0,   0,   0, 
      0,   0,   0,   0,   0,   0, 
      0,   0,   0,   0,   0,   0, 
      0,   0,   0,   0,   0,   0, 
      0,   0,   0,   0,   0,   0, 
      0,   0,   0,   0,   0,   0, 
      0,   0,   0,   0,   0,   0, 
      0,   0,   0,   0,   0,   0, 
      0,   0,   0,   0,   0,   0, 
      0,   0,   0,   0,   0,   0, 
      0,   0,   0,   0,   0,   0, 
      0,   0,   0,   0,   0,   0, 
      0,   0,  16,   0,   0,   0, 
     32,   0,   0,   0, 203,   0, 
      0,   0,  32,   1,   0,   0, 
     87,   1,   0,   0,  84,   0, 
      0,   0,   0,   0,   0,   0, 
     21,   2,   0,   0, 128,   0, 
      0,   0,  94,   1,   0,   0, 
    128,   5,   0,   0,  68,   0, 
      0,   0,  12,   0,   0,   0, 
     40,   0,   0,   0,  56,   2, 
      0,   0,  44,   0,   0,   0, 
     68,   0,   0,   0,   3,   0, 
      0,   0,  23,   0,   0,   0, 
     14,   0,   0,   0,  21,   0, 
      0,   0,   6,   0,   0,   0, 
      9,   0,   0,   0,  22,   0, 
      0,   0,  10,   0,   0,   0, 
      8,   0,   0,   0,  11,   0, 
      0,   0,  12,   0,   0,   0, 
     13,   0,   0,   0,   7,   0, 
      0,   0,  15,   0,   0,   0, 
     16,   0,   0,   0,  17,   0, 
      0,   0,  18,   0,   0,   0, 
     20,   0,   0,   0,  19,   0, 
      0,   0,   0,   0,   0,   0, 
      0,   0,   0,   0,   0,   0, 
      0,   0,   0,   0,   0,   0, 
      0,   0,   0,   0,   0,   0, 
      0,   0,   0,   0,   0,   0, 
      0,   0,   0,   0,   0,   0, 
      0,   0,   0,   0,   0,   0, 
      0,   0,   0,   0,   0,   0, 
      0,   0,   0,   0,   0,   0, 
      0,   0,   0,   0,   0,   0, 
      0,   0,   0,   0,   0,   0, 
      0,   0,   0,   0,   0,   0, 
      0,   0,   0,   0,   0,   0, 
      0,   0,   0,   0,   0,   0, 
      0,   0,   0,   0,   0,   0, 
      0,   0,   0,   0,   0,   0, 
      0,   0,   0,   0,   0,   0, 
      0,   0,   0,   0,   0,   0, 
      0,   0,   0,   0,   0,   0, 
      0,   0,   0,   0,   0,   0, 
      0,   0,   0,   0,   0,   0, 
      0,   0,   0,   0,   0,   0, 
      0,   0,   0,   0,   0,   0, 
      0,   0,   0,   0,   0,   0, 
      0,   0,   0,   0,   0,   0, 
      0,   0,   0,   0,   0,   0, 
      0,   0,   0,   0,   0,   0, 
      0,   0,   0,   0,   0,   0, 
      0,   0,   0,   0,   0,   0, 
      0,   0,   0,   0,   0,   0, 
      0,   0,   0,   0,   0,   0, 
      0,   0,   0,   0,   0,   0, 
      0,   0,   0,   0,   0,   0, 
      0,   0,   0,   0,   0,   0, 
      0,   0,   0,   0,   0,   0, 
      0,   0,   0,   0,   0,   0, 
      0,   0,   0,   0,   0,   0, 
      0,   0,   0,   0,   0,   0, 
      0,   0,   0,   0,   0,   0, 
      0,   0,   0,   0,   0,   0, 
      0,   0,   0,   0,   0,   0, 
      0,   0,   0,   0,   0,   0, 
      0,   0,   0,   0,   0,   0, 
      0,   0,   0,   0,   0,   0, 
      0,   0,   0,   0,   0,   0, 
      0,   0,   0,   0,   0,   0, 
      0,   0,   0,   0,   0,   0, 
      0,   0,   0,   0,   0,   0, 
      0,   0,   0,   0,   0,   0, 
      0,   0,   0,   0,   0,   0, 
      0,   0,   0,   0,   0,   0, 
      0,   0,   0,   0,   0,   0, 
      0,   0,   0,   0,   0,   0, 
      0,   0,   0,   0,   0,   0, 
      0,   0,   0,   0,   0,   0, 
      0,   0,   0,   0,   0,   0, 
      0,   0,   0,   0,   0,   0, 
      0,   0,   0,   0,   0,   0, 
      0,   0,   0,   0,   0,   0, 
      0,   0,   0,   0,   0,   0, 
      0,   0,   0,   0,   0,   0, 
      0,   0,   0,   0,  24,   0, 
      0,   0,   0,   0,   0,   0, 
      0,   0,   0,   0,   0,   0, 
      0,   0,   0,   0,   0,   0, 
      0,   0,   0,   0,   0,   0, 
      0,   0,   0,   0,   0,   0, 
      0,   0,   0,   0,   0,   0, 
      0,   0,   0,   0,   0,   0, 
      0,   0,   0,   0,   0,   0, 
      0,   0,   0,   0,   0,   0, 
      0,   0,   0,   0,   0,   0, 
      0,   0,   0,   0,   0,   0, 
      0,   0,   0,   0,   0,   0, 
      0,   0,   0,   0,   0,   0, 
      0,   0,   0,   0,   0,   0, 
      0,   0,   0,   0,   0,   0, 
      0,   0,   0,   0,   0,   0, 
      0,   0,   0,   0,   0,   0, 
      0,   0,   0,   0,   0,   0, 
      0,   0,   0,   0,   0,   0, 
      0,   0,   0,   0,   0,   0, 
      0,   0,   0,   0,   0,   0, 
      0,   0,   0,   0,   0,   0, 
      0,   0,   0,   0,   0,   0, 
      0,   0,   0,   0,   0,   0, 
      0,   0,   0,   0,   0,   0, 
      0,   0,   0,   0,   0,   0, 
      0,   0,   0,   0,   0,   0, 
      0,   0,   0,   0,   0,   0, 
      0,   0,   0,   0,   0,   0, 
      0,   0,   0,   0,   0,   0, 
      0,   0,   0,   0,   0,   0, 
      0,   0,   0,   0,   0,   0, 
      0,   0,   0,   0,   0,   0, 
      0,   0,   0,   0,   0,   0, 
      0,   0,   0,   0,   0,   0, 
      0,   0,   0,   0,   0,   0, 
      0,   0,   0,   0,   0,   0, 
      0,   0,   0,   0,   0,   0, 
      0,   0,   0,   0,   0,   0, 
      0,   0,   0,   0,   0,   0, 
      0,   0,   0,   0,   0,   0, 
      0,   0,   0,   0,   0,   0, 
      0,   0,   0,   0,   0,   0, 
      0,   0,   0,   0,   0,   0, 
      0,   0,   0,   0,   0,   0, 
      0,   0,   0,   0,   0,   0, 
      0,   0,   0,   0,   0,   0, 
      0,   0,   0,   0,   0,   0, 
      0,   0,   0,   0,   0,   0, 
      0,   0,   0,   0,   0,   0, 
      0,   0,   0,   0,   0,   0, 
      0,   0,   0,   0,   0,   0, 
      0,   0,   0,   0,   0,   0, 
      0,   0,   0,   0,   0,   0, 
      0,   0,   0,   0,   0,   0, 
      0,   0,   0,   0,   0,   0, 
      0,   0,   0,   0,   0,   0, 
      0,   0,   0,   0,   0,   0, 
      0,   0,   0,   0,   0,   0, 
      0,   0,   0,   0,   0,   0, 
      0,   0,   0,   0,   0,   0, 
      0,   0,   0,   0,   0,   0, 
      0,   0,   0,   0,   0,   0, 
      0,   0,   0,   0,   0,   0, 
      0,   0,   0,   0,   0,   0, 
      0,   0,   0,   0,   0,   0, 
      0,   0,   0,   0,   0,   0, 
      0,   0,   0,   0,   0,   0, 
      0,   0,   0,   0,   0,   0, 
      0,   0,   0,   0,   0,   0, 
      0,   0,   0,   0,   0,   0, 
      0,   0,   0,   0,   0,   0, 
      0,   0,   0,   0,   0,   0, 
      0,   0,   0,   0,   0,   0, 
      0,   0,   0,   0,   0,   0, 
      0,   0,   0,   0,   0,   0, 
      0,   0,   0,   0,   0,   0, 
      0,   0,   0,   0,   0,   0, 
      0,   0,   0,   0,   0,   0, 
      0,   0,   0,   0,   0,   0, 
      0,   0,   0,   0,   0,   0, 
      0,   0,   0,   0,   0,   0, 
      0,   0,   0,   0,   0,   0, 
      0,   0,   0,   0,   0,   0, 
      0,   0,   0,   0,   0,   0, 
      0,   0,   0,   0,   0,   0, 
      0,   0,   0,   0,   0,   0, 
      0,   0,   0,   0,   0,   0, 
      0,   0,   0,   0,   0,   0, 
      0,   0,   0,   0,   0,   0, 
      0,   0,   0,   0,   0,   0, 
      0,   0,   0,   0,   0,   0, 
      0,   0,   0,   0,   0,   0, 
      0,   0,   0,   0,   0,   0, 
      0,   0,   0,   0,   0,   0, 
      0,   0,   0,   0,   0,   0, 
      0,   0,   0,   0,   0,   0, 
      0,   0,   0,   0,   0,   0, 
      0,   0,   0,   0,   0,   0, 
      0,   0,   0,   0,   0,   0, 
      0,   0,   0,   0,   0,   0, 
      0,   0,   0,   0,   0,   0, 
      0,   0,   0,   0,   0,   0, 
      0,   0,   0,   0,   0,   0, 
      0,   0,   0,   0,   0,   0, 
      0,   0,   0,   0,   0,   0, 
      0,   0,   0,   0,   0,   0, 
      0,   0,   0,   0,   0,   0, 
      0,   0,   0,   0,   0,   0, 
      0,   0,   0,   0,   0,   0, 
      0,   0,   0,   0,   0,   0, 
      0,   0,   0,   0,   0,   0, 
      0,   0,   0,   0,   0,   0, 
      0,   0,   0,   0,   0,   0, 
      0,   0,   0,   0,   0,   0, 
      0,   0,   0,   0,   0,   0, 
      0,   0,   0,   0,   0,   0, 
      0,   0,   0,   0,   0,   0, 
      0,   0,   0,   0,   0,   0, 
      0,   0,   0,   0,   0,   0, 
      0,   0,   0,   0,   0,   0, 
      0,   0,   0,   0,   0,   0, 
      0,   0,   0,   0,   0,   0, 
      0,   0,   0,   0,   0,   0, 
      0,   0,   0,   0,   0,   0, 
      0,   0,   0,   0,   0,   0, 
      0,   0,   0,   0,   0,   0, 
      0,   0,   0,   0,   0,   0, 
      0,   0,   0,   0,   0,   0, 
      0,   0,   0,   0,   0,   0, 
      0,   0,   0,   0,   0,   0, 
      0,   0,   0,   0,   0,   0, 
      0,   0,   0,   0,   0,   0, 
      0,   0,   0,   0,   0,   0, 
      0,   0,   0,   0,   0,   0, 
      0,   0,   0,   0,   0,   0, 
      0,   0,   0,   0,   0,   0, 
      0,   0,   0,   0,   0,   0, 
      0,   0,   0,   0,   0,   0, 
      0,   0,   0,   0,   0,   0, 
      0,   0,   0,   0,   0,   0, 
      0,   0,   0,   0,   0,   0, 
      0,   0,   0,   0,   0,   0, 
      0,   0,   0,   0,   0,   0, 
      0,   0,   0,   0,   0,   0, 
      0,   0,   0,   0,   0,   0, 
      0,   0,   0,   0,   0,   0, 
      0,   0,   0,   0,   0,   0, 
      0,   0,   0,   0,   0,   0, 
      0,   0,   0,   0,   0,   0, 
      0,   0,   0,   0,   0,   0, 
      0,   0,   0,   0,   0,   0, 
      0,   0,   0,   0,   0,   0, 
      0,   0,   0,   0,   0,   0, 
      0,   0,   0,   0,   0,   0, 
      0,   0,   0,   0,   0,   0, 
      0,   0,   0,   0,   0,   0, 
      0,   0,   0,   0,   0,   0, 
      0,   0,   0,   0,   0,   0, 
      0,   0,   0,   0,   0,   0, 
      0,   0,   0,   0,   0,   0, 
      0,   0,   0,   0,   0,   0, 
      0,   0,   0,   0,   0,   0, 
      0,   0,   0,   0,   0,   0, 
      0,   0,   0,   0,   0,   0, 
      0,   0,   0,   0,   0,   0, 
      0,   0,   0,   0,   0,   0, 
      0,   0,   0,   0,   0,   0, 
      0,   0,   0,   0,   0,   0, 
      0,   0,   0,   0,   0,   0, 
      0,   0
};
